[60 63 76]
[68 57 84]
[ 78  81 115]
[ 76  75 108]
[ 88  94 121]
[58 60 92]
[ 76  86 112]
[ 81  85 107]
[65 64 98]
[61 69 97]
[ 76  76 101]
[59 63 94]
[ 89  90 117]
[61 67 98]
[61 58 91]
[ 80  68 101]
[56 53 85]
[65 66 89]
[62 58 93]
[53 41 69]
[ 80  80 111]
[ 84  94 118]
[ 77  90 111]
[ 90  92 107]
[ 74  73 101]
[59 58 91]
[57 55 89]
[ 89 100 129]
[50 44 72]
[50 50 81]
[ 79  83 106]
[ 94  92 117]
[ 97  96 121]
[61 55 90]
[ 98  97 123]
[75 69 99]
[59 53 84]
[ 95  84 114]
[ 92  81 112]
[ 75  72 104]
[ 83  81 112]
[ 75  75 107]
[ 82  87 108]
[54 55 87]
[64 70 96]
[51 43 72]
[66 62 90]
[ 79  73 104]
[ 82  92 111]
[73 64 95]
[102 101 130]
[71 64 98]
[103  97 123]
[ 80  75 103]
[73 64 94]
[74 66 98]
[64 59 90]
[ 75  72 104]
[58 55 89]
[48 43 75]
[100  99 121]
[74 67 97]
[ 73  69 102]
[ 73  70 103]
[ 91  82 113]
[102  96 124]
[54 47 74]
[44 41 70]
[ 77  77 104]
[49 52 83]
[61 60 86]
[69 62 89]
[ 66  66 103]
[47 49 83]
[62 59 88]
[ 73  73 105]
[ 73  77 110]
[53 52 82]
[74 67 99]
[67 60 92]
[60 57 83]
[41 39 68]
[58 55 80]
[57 49 86]
[77 65 94]
[ 78  81 105]
[54 50 83]
[59 58 89]
[ 76  75 103]
[ 71  78 107]
[74 57 88]
[ 80  76 113]
[111  74 103]
[72 62 92]
[ 83  90 117]
[ 88  88 121]
[61 61 91]
[79 75 86]
[44 52 69]
[ 82  81 108]
[65 58 93]
[62 53 91]
[69 64 96]
[ 83  85 109]
[66 61 87]
[100 102 125]
[67 71 99]
[44 38 69]
[64 56 81]
[ 77  85 114]
[ 76  89 118]
[63 61 93]
[73 65 97]
[65 50 83]
[54 49 80]
[61 56 86]
[ 71  78 108]
[72 59 85]
[61 56 87]
[ 94  92 115]
[70 69 95]
[ 76  82 112]
[66 67 92]
[59 61 93]
[60 45 78]
[41 34 61]
[ 78  85 113]
[55 57 87]
[109 106 127]
[48 48 80]
[62 63 96]
[ 95 101 126]
[68 65 92]
[55 47 81]
[100  88 110]
[77 68 98]
[ 87  89 122]
[ 86  82 118]
[62 54 83]
[ 97 104 116]
[51 49 80]
[61 58 88]
[ 94  84 108]
[73 72 82]
[69 58 85]
[39 32 64]
[61 67 98]
[ 86  72 104]
[ 84  88 107]
[ 82  84 106]
[62 61 93]
[54 52 88]
[ 76  74 105]
[69 61 84]
[58 51 86]
[69 65 97]
[55 48 78]
[100  84 109]
[95 82 99]
[50 48 78]
[105 126 132]
[54 50 75]
[ 88  82 109]
[ 99 105 128]
[71 55 87]
[ 83  80 112]
[ 68  68 101]
[ 88  76 101]
[ 97 107 128]
[73 56 88]
[ 79  87 111]
[ 54  64 101]
[ 83  97 124]
[63 59 80]
[ 80  82 114]
[47 43 66]
[ 91  80 108]
[ 77  86 120]
[60 59 93]
[72 76 91]
[57 51 80]
[ 76  71 103]
[45 47 78]
[62 55 80]
[ 82  82 110]
[61 52 79]
[63 62 91]
[ 84  90 121]
[46 41 67]
[65 66 95]
[ 80  84 112]
[ 92  85 114]
[ 77  75 104]
[ 88  90 122]
[61 48 77]
[ 84  81 107]
[ 93  98 122]
[60 47 80]
[ 83  74 106]
[68 61 90]
[101 105 124]
[73 56 84]
[127 131 150]
[ 93  93 122]
[ 82  73 102]
[ 88  86 117]
[ 82  87 111]
[ 82  79 109]
[67 60 97]
[57 50 82]
[ 68  77 107]
[54 48 81]
[68 60 92]
[70 64 95]
[68 62 84]
[72 64 96]
[ 80  74 102]
[ 91 103 129]
[67 60 92]
[74 63 94]
[40 36 64]
[ 94  87 115]
[58 54 87]
[ 86  73 103]
[ 90  88 113]
[65 54 88]
[ 80  79 108]
[59 55 88]
[70 63 96]
[51 37 71]
[ 75  72 100]
[ 71  73 101]
[50 56 85]
[68 62 93]
[ 92  96 128]
[ 83  83 109]
[49 54 87]
[58 48 81]
[ 96  93 120]
[61 60 91]
[52 53 79]
[64 59 87]
[ 89  96 123]
[ 86  72 101]
[ 80  77 107]
[56 46 76]
[76 71 99]
[70 63 91]
[ 97  84 112]
[ 80  72 100]
[37 37 70]
[71 65 84]
[63 60 90]
[71 63 92]
[ 79  79 107]
[52 55 90]
[ 97  90 119]
[53 49 85]
[ 81  76 102]
[66 53 85]
[ 75  73 104]
[ 81  86 111]
[59 44 78]
[ 73  80 108]
[ 71  75 103]
[71 65 99]
[43 41 70]
[67 62 90]
[69 67 95]
[ 98 100 125]
[ 69  66 102]
[70 65 92]
[134  62  72]
[51 41 69]
[ 73  71 100]
[ 72  75 103]
[67 65 95]
[61 53 87]
[68 61 91]
[65 62 94]
[63 51 85]
[ 76  82 115]
[71 62 90]
[ 99  86 111]
[ 79  75 108]
[75 68 96]
[48 46 79]
[72 63 91]
[60 56 84]
[ 85  82 111]
[109 109 131]
[ 72  69 101]
[52 50 78]
[53 59 90]
[ 80  73 103]
[38 40 59]
[ 93  95 124]
[53 45 78]
[71 64 97]
[65 53 81]
[ 76  68 100]
[58 52 82]
[ 78  78 113]
[59 48 80]
[70 65 97]
[ 93  87 112]
[ 94  99 132]
[64 56 86]
[54 50 79]
[ 86  93 118]
[67 59 86]
[ 83  85 113]
[ 87  84 112]
[130 140 152]
[108 105 129]
[44 44 72]
[60 52 82]
[69 63 91]
[57 54 82]
[62 56 89]
[87 76 89]
[57 56 86]
[61 56 89]
[103 108 125]
[104 106 113]
[ 82  95 116]
[ 85  80 108]
[62 61 94]
[79 72 99]
[66 55 89]
[ 71  76 107]
[74 73 96]
[ 75  77 107]
[78 67 98]
[113 119 126]
[ 80  89 113]
[ 88  76 102]
[48 45 76]
[63 58 88]
[66 64 97]
[ 74  71 100]
[ 81  80 102]
[67 61 91]
[63 51 85]
[ 96  92 124]
[62 55 86]
[140 125 134]
[ 93  96 117]
[59 61 87]
[57 50 89]
[ 73  74 101]
[ 95  90 115]
[ 80  82 107]
[76 65 91]
[68 65 92]
[ 78  80 109]
[ 94  95 118]
[70 59 93]
[65 53 83]
[67 65 97]
[63 54 88]
[129  66 101]
[109 116 135]
[72 65 97]
[68 64 95]
[65 53 85]
[65 54 87]
[ 82  86 114]
[ 74  71 101]
[54 49 77]
[75 60 88]
[80 68 94]
[ 74  78 110]
[ 80  76 106]
[ 82  81 106]
[ 91  87 118]
[73 65 93]
[103  83 117]
[58 64 94]
[ 82  89 118]
[ 76  67 100]
[68 54 86]
[70 60 89]
[101  87 117]
[64 63 93]
[71 60 88]
[54 54 89]
[ 89  92 124]
[104  97 122]
[62 58 89]
[59 67 96]
[70 71 99]
[ 80  70 102]
[56 49 79]
[58 55 82]
[ 83  71 103]
[77 62 91]
[61 54 86]
[66 63 90]
[106 110 136]
[ 79  82 109]
[49 56 89]
[ 82  74 102]
[72 67 93]
[ 95  89 112]
[54 46 75]
[49 43 72]
[69 55 86]
[ 95  98 122]
[72 65 88]
[62 58 83]
[ 87  76 106]
[64 57 86]
[45 45 73]
[61 57 86]
[54 43 71]
[120 126 148]
[80 70 97]
[63 52 83]
[66 55 85]
[59 50 80]
[63 48 82]
[ 96  87 105]
[107 116 144]
[59 56 87]
[58 60 85]
[ 78  79 110]
[80 71 98]
[115 106 130]
[ 94  91 115]
[101  97 124]
[67 51 84]
[ 72  82 109]
[93 39 63]
[51 48 81]
[ 86  79 105]
[72 63 92]
[78 72 97]
[ 78  70 101]
[56 57 90]
[ 85  82 108]
[ 89  76 102]
[107 114 137]
[ 93  81 110]
[50 48 73]
[73 60 90]
[ 84  90 119]
[57 47 75]
[ 84  85 113]
[65 65 93]
[49 42 71]
[55 46 75]
[63 55 82]
[52 49 76]
[147 148 159]
[66 62 93]
[101  91 121]
[ 89  82 111]
[62 65 97]
[ 87  82 110]
[ 93  95 124]
[52 57 91]
[49 56 83]
[59 51 81]
[120  70  95]
[ 86  77 101]
[69 53 80]
[ 90  85 115]
[50 50 83]
[102 102 125]
[73 66 96]
[ 88  90 109]
[ 93 112 132]
[54 48 77]
[73 69 97]
[48 52 89]
[41 37 68]
[57 54 85]
[129 124 142]
[56 50 79]
[ 71  72 105]
[61 48 75]
[111 104 127]
[ 78  76 100]
[118 121 145]
[66 55 84]
[ 89  77 107]
[100  84 117]
[52 48 82]
[ 85  67 100]
[60 51 82]
[57 52 83]
[ 72  73 100]
[66 54 82]
[59 58 90]
[ 87  91 114]
[66 66 95]
[64 57 84]
[60 54 84]
[73 59 95]
[56 48 80]
[ 89  79 106]
[56 51 84]
[80 62 95]
[59 54 83]
[63 62 86]
[ 81  74 103]
[ 84  76 100]
[ 79  76 107]
[ 65  73 102]
[60 52 82]
[ 92  80 110]
[59 53 79]
[54 47 80]
[68 54 84]
[105  99 127]
[77 61 91]
[52 50 64]
[ 94  85 112]
[ 86  81 105]
[52 44 78]
[73 55 91]
[77 70 99]
[110 116 139]
[61 60 91]
[60 50 82]
[67 56 85]
[80 59 90]
[89 67 93]
[72 63 89]
[119 127 143]
[68 56 87]
[ 88  69 100]
[ 93  93 117]
[ 86  69 102]
[90 70 99]
[80 73 99]
[49 46 80]
[78 67 99]
[ 91  84 112]
[78 69 97]
[61 45 74]
[70 69 96]
[ 90  79 104]
[74 61 92]
[76 67 94]
[85 66 98]
[ 88  84 109]
[72 70 99]
[66 70 93]
[61 49 74]
[ 77  80 108]
[60 48 78]
[ 82  76 103]
[72 57 88]
[ 95  80 108]
[75 67 99]
[ 75  77 109]
[79 69 97]
[ 95  83 110]
[62 54 85]
[66 58 90]
[84 71 97]
[69 64 97]
[63 51 80]
[58 59 92]
[80 67 98]
[125 120 141]
[63 60 91]
[114 120 142]
[64 56 85]
[65 53 82]
[78 72 98]
[ 92  82 113]
[135  61  83]
[ 95  83 113]
[109  94 118]
[49 46 73]
[58 50 79]
[74 65 96]
[150 142 155]
[82 67 98]
[49 42 72]
[72 64 94]
[60 48 80]
[69 58 84]
[ 85  80 106]
[61 67 90]
[ 94 104 129]
[76 59 88]
[51 42 73]
[77 67 99]
[ 77  82 108]
[ 73  70 102]
[ 76  75 104]
[47 46 75]
[ 89  81 110]
[75 65 89]
[ 88  83 111]
[69 57 86]
[68 51 79]
[63 52 83]
[ 94  95 119]
[62 53 78]
[56 66 94]
[102  93 116]
[ 89  76 102]
[51 38 69]
[ 78  69 100]
[51 53 84]
[72 62 93]
[110 101 125]
[67 55 85]
[113 116 141]
[ 93  82 101]
[78 67 96]
[71 62 94]
[ 97  84 110]
[65 58 78]
[127 125 141]
[74 66 94]
[77 59 88]
[53 46 71]
[75 65 91]
[72 67 98]
[70 68 99]
[88 62 92]
[49 40 67]
[51 42 72]
[82 72 98]
[ 80  95 112]
[68 71 97]
[63 51 79]
[100  94 119]
[ 82  71 101]
[78 68 95]
[41 41 63]
[74 59 90]
[78 63 96]
[50 41 67]
[ 91  82 108]
[77 68 95]
[ 79  73 104]
[81 63 90]
[ 95  84 112]
[106  89 120]
[64 57 82]
[78 71 98]
[62 62 90]
[74 64 94]
[118 121 141]
[ 83  82 114]
[44 42 68]
[62 65 94]
[ 92  71 102]
[ 86  95 124]
[ 85  89 116]
[48 51 84]
[ 81  81 109]
[ 86  81 105]
[ 85  82 113]
[64 64 94]
[101  96 119]
[55 54 87]
[ 75  70 102]
[ 79  76 104]
[ 87  91 120]
[59 62 96]
[ 85  80 110]
[ 76  81 111]
[ 95 100 122]
[ 77  79 106]
[64 68 99]
[ 81  80 102]
[62 35 64]
[ 67  73 106]
[67 70 99]
[ 69  68 100]
[52 57 90]
[68 62 95]
[ 88  90 113]
[ 81  79 110]
[114 116 132]
[114 114 132]
[ 90  99 126]
[116  67  85]
[ 83  91 117]
[48 48 84]
[ 94  98 123]
[103  94 118]
[67 69 98]
[ 89  89 117]
[ 68  73 103]
[ 79  76 104]
[ 82  80 108]
[ 85  81 107]
[59 61 98]
[ 66  73 102]
[49 53 90]
[62 70 95]
[ 96  94 119]
[ 75  73 102]
[ 65  71 104]
[ 94  87 113]
[ 73  81 109]
[60 61 94]
[70 66 95]
[ 77  79 106]
[ 85  81 107]
[ 73  72 106]
[ 68  73 101]
[ 80  83 109]
[ 87  83 110]
[ 96  96 116]
[57 57 89]
[ 86  96 115]
[ 77  77 106]
[ 84  79 104]
[ 87  90 118]
[ 74  81 111]
[ 74  79 108]
[ 82  74 103]
[ 73  77 108]
[62 65 98]
[112 121 134]
[ 85  90 117]
[ 86  93 108]
[ 72  81 109]
[109 110 124]
[57 62 86]
[ 89  90 120]
[ 74  76 101]
[59 69 97]
[ 70  71 103]
[ 92  95 123]
[ 73  75 107]
[68 65 93]
[ 69  73 102]
[ 94  94 124]
[ 74  76 103]
[78 71 99]
[67 62 93]
[ 71  71 102]
[ 95  97 126]
[ 82  83 107]
[61 57 86]
[ 76  78 108]
[69 68 96]
[100 106 125]
[108 115 134]
[ 76  78 109]
[103 100 121]
[53 56 92]
[ 75  75 106]
[ 73  83 113]
[41 44 77]
[49 58 89]
[52 54 89]
[69 69 98]
[ 96 100 128]
[ 69  72 104]
[71 63 96]
[101 104 127]
[49 53 85]
[ 92  88 114]
[ 93  91 119]
[ 90  96 124]
[ 81  89 113]
[ 78  72 100]
[64 67 97]
[ 94  97 121]
[ 77  88 114]
[67 68 99]
[59 55 85]
[ 60  63 101]
[ 70  78 104]
[54 57 90]
[69 64 93]
[68 69 99]
[ 72  70 100]
[ 85  82 113]
[ 77  83 110]
[66 65 97]
[65 65 93]
[ 73  70 104]
[ 88  92 117]
[ 85  84 103]
[ 90  89 116]
[116 110 129]
[47 48 85]
[ 95  97 119]
[67 68 98]
[ 73  71 101]
[ 82  79 105]
[ 89  89 116]
[55 61 93]
[82 74 95]
[ 74  79 107]
[ 76  80 109]
[ 94  99 120]
[63 65 94]
[72 65 93]
[52 68 89]
[ 99  99 127]
[ 83  77 106]
[ 95  97 120]
[ 76  77 103]
[ 76  83 108]
[ 78  77 109]
[ 85  86 116]
[54 53 84]
[ 64  70 100]
[ 75  72 104]
[ 79  83 110]
[ 85  85 117]
[55 57 95]
[ 98 101 125]
[ 82  81 111]
[ 83  85 115]
[ 78  85 107]
[ 83  83 114]
[ 88  95 122]
[55 52 84]
[ 95  98 120]
[54 52 85]
[67 66 97]
[ 93  93 124]
[ 87  88 115]
[60 58 94]
[65 66 95]
[ 95  97 120]
[ 91  94 121]
[62 62 96]
[ 72  70 104]
[ 69  73 105]
[ 80  76 108]
[ 76  75 105]
[109  46  66]
[69 67 99]
[80 62 96]
[94 55 83]
[ 77  81 110]
[58 63 96]
[59 60 77]
[102 108 128]
[ 78  75 105]
[54 56 90]
[ 85  87 116]
[ 90  89 112]
[61 65 97]
[ 87  89 116]
[ 70  72 101]
[ 93  92 116]
[58 58 91]
[ 87  82 112]
[69 66 97]
[71 65 97]
[ 70  75 105]
[ 70  74 103]
[122  57  81]
[ 74  73 101]
[ 77  76 108]
[77 65 94]
[ 95  78 105]
[ 90  85 113]
[55 58 92]
[63 66 98]
[66 60 89]
[ 80  79 109]
[ 74  69 102]
[69 65 96]
[57 66 99]
[61 63 97]
[71 65 94]
[67 66 96]
[ 78  83 114]
[58 60 95]
[ 78  82 109]
[72 68 97]
[ 68  70 102]
[ 96  87 110]
[ 72  72 101]
[53 55 86]
[101 105 126]
[64 64 97]
[141  58  66]
[ 95  98 119]
[ 70  70 103]
[ 79  76 106]
[ 71  75 103]
[ 79  82 111]
[ 95  88 119]
[ 87  93 122]
[ 97  92 118]
[49 51 80]
[64 62 97]
[120 110 125]
[100 109 133]
[ 93  92 115]
[ 69  71 101]
[83 80 97]
[55 52 86]
[52 60 90]
[ 66  63 100]
[ 79  79 105]
[ 79  75 103]
[ 84  82 110]
[52 57 91]
[ 78  74 105]
[58 56 90]
[ 73  68 104]
[ 74  75 106]
[104  88 116]
[77 69 95]
[ 88  81 110]
[50 50 80]
[ 99  93 119]
[101  96 117]
[ 99 101 114]
[66 60 91]
[54 60 90]
[ 78  79 111]
[ 65  77 108]
[ 90  90 114]
[ 96  91 119]
[65 65 95]
[ 78  73 102]
[72 72 98]
[ 63  74 105]
[ 74  73 102]
[ 74  76 106]
[70 68 98]
[ 84  81 106]
[ 76  72 112]
[57 60 93]
[57 55 84]
[ 82  75 102]
[ 98  89 116]
[ 89  91 117]
[ 68  74 101]
[ 66  68 101]
[54 52 85]
[ 89  86 112]
[ 87  79 103]
[71 69 97]
[62 61 96]
[ 82  78 108]
[63 43 76]
[80 38 56]
[ 82  76 104]
[67 64 93]
[ 66  70 102]
[54 57 88]
[107  44  64]
[111 112 131]
[66 60 93]
[60 61 93]
[ 89  85 116]
[60 55 85]
[ 76  76 108]
[ 76  82 108]
[111  98 122]
[ 77  74 105]
[ 82  88 119]
[103 101 126]
[ 94  87 118]
[62 60 94]
[101 106  95]
[111 114 143]
[67 64 91]
[56 56 90]
[59 61 92]
[ 74  76 107]
[ 90  85 115]
[ 69  70 103]
[ 71  68 100]
[ 82  80 109]
[ 87  83 109]
[ 91  90 116]
[115 126 139]
[ 87  91 121]
[ 95  96 122]
[ 96  95 123]
[ 95  88 112]
[ 98  95 123]
[107  68  95]
[57 59 91]
[55 57 87]
[ 76  78 106]
[ 85  84 114]
[ 89  96 122]
[ 94  91 111]
[ 73  80 108]
[ 89  88 113]
[72 71 99]
[ 76  71 104]
[ 76  72 103]
[77 49 83]
[ 63  66 101]
[ 80  78 106]
[ 91  91 114]
[66 65 97]
[121  72  88]
[100 100 124]
[ 77  73 104]
[107 111 130]
[107  97 127]
[ 90  94 114]
[39 43 76]
[56 55 89]
[ 74  84 115]
[79 70 95]
[78 75 97]
[53 53 89]
[35 40 50]
[65 64 98]
[71 68 98]
[ 75  76 105]
[ 83  88 115]
[ 91  84 113]
[101 100 125]
[71 61 95]
[ 91  88 117]
[ 98  94 119]
[ 85  89 106]
[ 78  77 104]
[ 74  73 104]
[54 54 90]
[43 42 76]
[ 90  96 121]
[87 44 70]
[ 75  69 103]
[ 99  97 121]
[ 78  79 110]
[61 62 99]
[58 59 90]
[113 109 129]
[ 77  81 110]
[61 60 93]
[ 76  80 109]
[46 43 69]
[ 68  73 103]
[67 73 99]
[89 64 93]
[108  95 117]
[64 68 97]
[ 85  84 108]
[45 45 80]
[ 88  88 114]
[ 88  82 109]
[61 63 91]
[101 106 129]
[60 57 80]
[125 118 132]
[ 95  91 115]
[ 91 100 127]
[ 91  92 118]
[68 64 93]
[111  51  81]
[61 61 92]
[66 67 95]
[ 76  71 105]
[ 70  72 102]
[119 126 145]
[ 98  97 122]
[83 74 98]
[61 56 91]
[ 82  78 106]
[ 80  81 107]
[ 75  71 101]
[67 64 95]
[ 83  83 112]
[107 102 126]
[ 93  86 108]
[101  94 117]
[ 80  80 111]
[ 96  95 120]
[48 48 81]
[ 92  90 121]
[ 82  87 116]
[ 75  74 101]
[ 91  91 117]
[ 76  72 107]
[ 93  89 117]
[58 62 93]
[56 57 91]
[101  98 125]
[68 66 95]
[42 41 78]
[69 67 96]
[52 54 87]
[104 103 128]
[ 75  75 103]
[76 67 94]
[60 57 91]
[107 121 140]
[113 113 133]
[ 90  86 115]
[ 80  88 112]
[57 53 85]
[62 58 83]
[ 74  71 102]
[ 79  73 102]
[ 80  74 100]
[67 67 98]
[ 69  68 101]
[ 78  78 110]
[ 87  85 109]
[ 84  77 107]
[48 50 82]
[107 106 126]
[84 51 86]
[ 84  88 116]
[ 88  90 116]
[ 74  73 103]
[45 46 80]
[ 89  81 116]
[ 89  94 119]
[50 49 85]
[111  99 120]
[ 81  75 100]
[63 60 94]
[ 91  96 120]
[ 74  77 106]
[62 60 93]
[76 73 99]
[ 70  68 100]
[116 109 128]
[ 90  84 107]
[ 93  89 117]
[ 82  80 113]
[ 82  76 107]
[ 82  83 110]
[ 75  69 103]
[ 94  95 119]
[ 99 100 126]
[ 71  71 100]
[104 106 130]
[ 80  84 110]
[ 83  77 103]
[55 55 91]
[57 56 91]
[ 82  84 113]
[109  44  60]
[77 70 99]
[108 104 126]
[ 71  83 112]
[ 82  81 113]
[ 75  72 101]
[ 80  88 113]
[ 86  87 115]
[ 84  87 110]
[ 75  76 103]
[67 61 92]
[ 79  75 103]
[ 77  79 107]
[ 91  82 109]
[58 60 91]
[56 52 84]
[62 59 88]
[ 87  78 106]
[59 65 95]
[97 47 76]
[59 63 91]
[ 99  83 109]
[ 71  71 102]
[41 36 64]
[68 64 95]
[ 82  82 110]
[73 67 96]
[ 74  70 105]
[67 61 92]
[ 92 110 125]
[ 65  69 100]
[ 77  70 103]
[ 98  92 114]
[ 95  92 118]
[85 61 91]
[ 78  71 101]
[ 82  80 109]
[ 83  78 105]
[57 51 80]
[ 90  87 117]
[69 68 96]
[ 86  86 116]
[81 66 96]
[ 65  68 102]
[107  95 119]
[56 53 82]
[67 66 98]
[ 91  89 116]
[74 72 96]
[ 81  75 101]
[107 109 131]
[ 86  83 111]
[102  99 126]
[58 59 93]
[55 50 84]
[ 84  81 108]
[ 78  85 116]
[ 71  68 102]
[ 75  72 102]
[ 94  89 115]
[63 59 88]
[61 58 91]
[ 75  88 115]
[109  88 116]
[ 88  88 114]
[62 59 87]
[ 68  73 104]
[51 53 88]
[ 77  84 111]
[57 54 85]
[75 65 94]
[69 67 96]
[ 82  82 108]
[ 78  70 103]
[61 54 84]
[69 64 96]
[64 64 96]
[ 87  88 112]
[ 89  83 112]
[114 113 130]
[ 73  75 109]
[62 57 90]
[46 42 69]
[ 79  80 109]
[103 106 128]
[ 85  81 113]
[ 93  91 119]
[112 114 125]
[55 50 81]
[ 89  81 107]
[52 51 84]
[63 63 94]
[51 47 78]
[69 61 93]
[74 69 98]
[ 72  73 102]
[45 46 78]
[52 54 87]
[108 101 124]
[58 52 82]
[ 88  84 109]
[ 82  77 107]
[100  84 110]
[ 94  84 107]
[52 48 78]
[ 77  73 105]
[ 99  75 101]
[ 84  79 107]
[ 82  82 112]
[ 94  88 114]
[114 105 121]
[ 78  75 105]
[44 43 73]
[121 119 139]
[ 75  75 107]
[66 68 99]
[ 82  69 100]
[62 57 89]
[58 50 79]
[58 59 90]
[65 68 97]
[74 68 98]
[ 94  87 114]
[52 50 79]
[ 75  73 108]
[61 58 90]
[ 95  96 123]
[61 54 87]
[67 69 93]
[105  95 120]
[76 60 88]
[ 85  83 111]
[66 62 94]
[44 44 79]
[ 78  76 104]
[111 101 125]
[80 65 99]
[74 65 98]
[ 90  74 104]
[56 55 91]
[ 77  84 110]
[ 83  74 107]
[ 92  89 117]
[ 73  70 102]
[ 74  78 108]
[ 90  84 114]
[66 58 93]
[ 92  82 115]
[ 79  77 108]
[ 97  89 117]
[54 51 82]
[ 95  90 117]
[ 83  75 103]
[59 58 95]
[69 56 84]
[143  71  79]
[ 88  86 118]
[56 52 86]
[105  89 118]
[ 80  79 115]
[ 91  86 121]
[ 86  79 113]
[ 83  68 103]
[ 70  66 101]
[ 84  78 114]
[ 93  74 109]
[ 71  71 103]
[62 59 89]
[101 100 132]
[ 82  75 104]
[ 76  65 100]
[ 64  65 102]
[51 45 79]
[ 89  84 113]
[ 75  71 100]
[48 46 81]
[61 56 92]
[ 76  80 109]
[ 75  71 104]
[ 75  69 104]
[ 73  67 103]
[ 77  78 107]
[52 51 73]
[ 72  80 112]
[ 74  71 101]
[ 94  85 112]
[65 59 93]
[101  91 117]
[131  81 113]
[75 62 96]
[119 107 133]
[ 86  74 104]
[52 51 85]
[106  99 120]
[ 92 102 127]
[71 65 98]
[65 52 86]
[75 65 99]
[ 87  84 115]
[ 86  83 117]
[65 63 97]
[ 89  82 110]
[70 63 94]
[75 59 91]
[ 79  76 110]
[ 81  80 113]
[58 55 87]
[61 62 87]
[81 71 97]
[58 48 80]
[60 55 91]
[78 33 50]
[ 93  74 102]
[73 56 86]
[70 65 97]
[55 57 89]
[ 83  73 105]
[69 60 93]
[ 86  84 107]
[ 94  84 111]
[70 58 91]
[64 59 91]
[ 75  71 103]
[ 78  76 107]
[112 104 131]
[66 61 94]
[ 71  71 104]
[105 100 129]
[55 48 79]
[77 61 93]
[54 49 82]
[64 68 96]
[53 50 84]
[50 42 73]
[ 92  80 111]
[ 71  69 101]
[ 93  81 118]
[ 94  85 114]
[62 59 93]
[62 58 91]
[ 86  76 107]
[70 61 94]
[47 42 65]
[113 108 128]
[ 89  84 116]
[50 50 88]
[ 88  85 116]
[ 87  79 109]
[ 79  73 106]
[56 51 86]
[84 65 92]
[ 97  97 121]
[67 57 89]
[104  99 126]
[59 54 88]
[120 109 135]
[ 77  73 108]
[ 93  94 133]
[ 92  82 112]
[ 83  74 107]
[115  95 122]
[ 85  78 108]
[66 58 93]
[ 77  69 102]
[ 92  83 110]
[ 73  67 101]
[101  87 113]
[58 44 77]
[102  95 122]
[52 55 88]
[ 98 100 130]
[ 85  79 106]
[ 98  87 120]
[ 94  89 121]
[44 39 72]
[71 67 98]
[47 47 83]
[ 94  95 124]
[65 57 93]
[ 83  72 105]
[ 91  74 106]
[63 58 91]
[ 84  69 104]
[106  95 121]
[69 69 98]
[ 92  87 119]
[49 50 81]
[ 98  94 121]
[70 63 92]
[ 71  72 108]
[ 85  80 112]
[56 51 88]
[54 49 87]
[ 84  82 108]
[54 49 84]
[59 53 86]
[ 96  93 120]
[70 65 98]
[ 74  68 102]
[ 89  84 112]
[ 73  68 102]
[101  95 127]
[ 82  75 108]
[ 70  72 105]
[65 54 87]
[103  88 108]
[ 72  69 103]
[62 58 87]
[ 75  77 106]
[106 100 130]
[65 61 93]
[ 71  70 105]
[66 54 86]
[63 62 95]
[54 54 84]
[ 82  72 105]
[58 58 92]
[ 92  88 119]
[ 78  81 114]
[64 54 89]
[ 77  77 108]
[ 84  81 114]
[53 51 82]
[ 97  85 108]
[ 80  74 104]
[101 100 126]
[ 90  86 109]
[69 64 98]
[ 84  74 105]
[81 86 86]
[ 90  81 112]
[72 61 88]
[58 56 94]
[67 66 97]
[119 106 133]
[65 59 89]
[71 68 99]
[ 97  82 110]
[67 66 98]
[106  86 114]
[57 48 83]
[48 46 79]
[41 41 75]
[82 64 95]
[62 55 88]
[ 86  78 111]
[ 78  70 102]
[ 98  86 114]
[ 90  87 115]
[62 51 85]
[77 71 97]
[107 111 136]
[ 82  81 113]
[69 58 92]
[ 90  77 112]
[104  94 120]
[ 82  72 106]
[113 120 141]
[53 49 82]
[116 108 129]
[ 98  90 119]
[ 83  80 110]
[60 50 83]
[ 84  75 104]
[79 67 99]
[101  62  95]
[69 63 95]
[ 63  66 100]
[51 47 85]
[116 103 128]
[ 82  72 104]
[111 110 136]
[107 106 135]
[56 52 82]
[112 100 129]
[100  93 118]
[90 61 88]
[ 94  87 112]
[56 51 81]
[ 86  76 108]
[ 84  76 105]
[71 54 90]
[125  53  66]
[55 49 84]
[ 92  90 119]
[75 57 90]
[94 73 99]
[ 89  93 120]
[ 94  83 113]
[ 69  66 102]
[43 41 72]
[129 122 145]
[63 53 85]
[ 97  89 112]
[58 55 89]
[ 94  90 121]
[57 53 87]
[ 83  79 108]
[64 52 81]
[73 59 90]
[69 67 99]
[69 64 97]
[58 47 83]
[62 55 89]
[78 59 95]
[57 47 80]
[56 50 83]
[ 76  69 100]
[65 53 89]
[ 71  66 101]
[ 88  81 111]
[ 81  81 109]
[52 48 81]
[54 43 77]
[ 91  88 116]
[ 76  74 101]
[ 73  69 100]
[ 81  80 114]
[ 70  73 105]
[114 106 130]
[ 77  69 101]
[76 65 95]
[ 94  93 122]
[ 91  80 111]
[67 67 99]
[ 81  76 110]
[118 105 119]
[48 45 78]
[76 62 96]
[ 79  71 104]
[ 87  86 116]
[ 77  72 102]
[71 59 97]
[47 39 72]
[56 55 89]
[69 56 89]
[84 65 94]
[51 41 74]
[ 75  71 102]
[56 51 82]
[ 78  73 103]
[ 73  70 102]
[103 103 132]
[44 44 74]
[103  69  99]
[ 93  77 109]
[43 40 75]
[ 88  69 102]
[ 86  74 106]
[64 49 79]
[76 67 98]
[ 92  80 111]
[ 99  91 118]
[49 50 87]
[59 51 84]
[121 119 140]
[ 96  93 123]
[113 102 130]
[ 73  68 103]
[ 66  70 102]
[105 101 126]
[ 96  90 121]
[ 93  77 100]
[ 71  69 106]
[107 100 126]
[58 47 81]
[52 52 89]
[ 63  67 102]
[63 57 91]
[71 56 93]
[68 59 91]
[ 75  75 110]
[ 71  71 101]
[ 90  74 105]
[57 43 71]
[ 97  87 114]
[71 61 94]
[66 57 90]
[ 79  72 107]
[119 100 121]
[70 60 95]
[64 53 84]
[ 83  77 112]
[63 60 92]
[67 58 94]
[ 79  71 102]
[ 85  84 115]
[54 65 94]
[52 44 79]
[61 54 91]
[ 76  69 101]
[ 94  82 108]
[75 71 98]
[72 64 98]
[51 44 78]
[67 65 98]
[72 65 99]
[104  94 122]
[ 71  77 110]
[63 62 95]
[63 61 91]
[ 77  70 103]
[101  90 121]
[100  98 124]
[116 108 133]
[64 62 98]
[ 75  68 100]
[105  88 117]
[ 98  96 125]
[50 55 89]
[ 84  72 104]
[ 81  92 128]
[51 46 78]
[114  97 122]
[59 43 77]
[110 104 131]
[54 56 89]
[ 82  78 109]
[ 72  65 101]
[ 87  78 108]
[ 80  85 112]
[53 51 84]
[114 101 127]
[71 64 98]
[86 67 95]
[ 79  75 104]
[60 63 94]
[119 112 133]
[80 68 99]
[134  99 121]
[ 77  77 107]
[82 64 97]
[ 77  71 102]
[ 75  69 102]
[ 82  77 110]
[56 52 88]
[ 86  77 109]
[ 91  84 116]
[61 55 90]
[50 44 75]
[ 98  98 124]
[107  90 117]
[60 53 87]
[52 46 78]
[50 50 87]
[66 62 93]
[61 49 83]
[80 63 96]
[55 50 75]
[ 81  71 109]
[56 48 79]
[111 111 129]
[105 106 124]
[61 54 90]
[57 46 79]
[ 76  74 105]
[68 68 99]
[103  96 119]
[54 53 84]
[64 68 88]
[71 64 86]
[71 52 85]
[ 75  76 108]
[69 51 89]
[66 59 97]
[52 47 80]
[70 59 88]
[58 48 81]
[ 84  72 103]
[69 61 93]
[ 89  82 115]
[ 71  71 101]
[80 71 99]
[108  94 119]
[63 52 87]
[ 98  91 118]
[103  90 118]
[57 50 81]
[ 77  71 100]
[ 75  83 109]
[59 49 78]
[101  83 119]
[101 101 124]
[51 44 75]
[70 62 97]
[107 100 125]
[109  94 119]
[72 58 85]
[107  98 119]
[111  99 122]
[66 59 92]
[63 65 98]
[54 51 83]
[ 69  64 101]
[ 85  68 100]
[60 55 87]
[75 71 96]
[ 74  71 100]
[53 49 88]
[ 85  71 104]
[74 65 98]
[75 63 95]
[ 96  78 106]
[ 82  68 102]
[64 64 96]
[ 90  76 109]
[51 44 78]
[119 100 119]
[ 87  80 106]
[55 48 78]
[ 86  75 106]
[121 110 128]
[106  98 125]
[ 79  76 109]
[ 94  76 107]
[ 82  78 107]
[ 85  69 103]
[109  97 128]
[61 54 91]
[60 55 94]
[111  94 123]
[109 108 135]
[ 76  67 102]
[ 94  89 121]
[ 83  77 107]
[79 61 87]
[71 56 89]
[ 90  81 112]
[ 73  71 101]
[61 56 89]
[104  97 127]
[53 47 79]
[51 49 82]
[121 114 141]
[ 81  69 101]
[108 105 130]
[109  86 105]
[ 96  80 108]
[ 74  67 101]
[ 99  87 115]
[53 47 81]
[ 87  86 114]
[72 60 92]
[ 87  89 116]
[ 97  96 124]
[70 56 88]
[ 83  74 104]
[ 82  69 102]
[51 45 75]
[58 56 93]
[110  95 123]
[ 79  73 106]
[57 51 85]
[127 121 135]
[106  92 118]
[73 58 85]
[ 86  81 113]
[103  95 125]
[69 58 93]
[52 54 83]
[50 40 74]
[ 78  78 110]
[ 87  73 107]
[58 55 88]
[74 62 94]
[ 86  77 114]
[103  96 125]
[72 61 93]
[ 87  77 100]
[61 53 86]
[51 49 85]
[66 60 92]
[ 91  81 111]
[ 75  70 100]
[56 44 76]
[ 83  71 104]
[106 103 124]
[105  96 120]
[55 46 81]
[ 82  74 105]
[ 82  76 106]
[ 72  69 103]
[ 88  86 119]
[ 70  67 103]
[ 96  90 116]
[50 45 76]
[53 44 75]
[47 46 78]
[69 64 98]
[70 66 98]
[80 63 91]
[135 123 145]
[ 98  90 119]
[ 97  96 130]
[58 55 90]
[ 80  76 103]
[74 61 99]
[103  99 126]
[77 68 98]
[52 46 81]
[69 61 96]
[116 111 136]
[60 53 87]
[113 115 134]
[119 118 137]
[69 67 95]
[76 64 99]
[68 57 91]
[109  94 124]
[52 46 77]
[62 44 72]
[66 58 87]
[ 82  75 108]
[ 75  78 105]
[53 43 74]
[102  83 111]
[57 50 85]
[73 60 95]
[67 59 97]
[ 85  76 103]
[102  97 126]
[ 88  71 105]
[66 57 90]
[58 65 91]
[57 46 77]
[48 41 74]
[52 47 81]
[67 59 95]
[75 63 94]
[74 61 92]
[ 92  78 106]
[ 89  80 112]
[65 56 90]
[66 62 93]
[83 65 98]
[63 55 90]
[100  69  83]
[88 70 86]
[58 44 69]
[71 46 70]
[99 51 59]
[60 49 71]
[ 97  90 112]
[75 53 77]
[54 47 67]
[76 58 81]
[45 43 59]
[74 61 83]
[63 49 67]
[66 54 72]
[77 51 71]
[119  97 124]
[54 49 69]
[45 33 58]
[84 63 85]
[106  85 106]
[90 71 98]
[88 70 94]
[62 63 85]
[109  80 105]
[67 56 82]
[116  87  96]
[ 99  98 117]
[50 40 62]
[57 56 80]
[45 37 60]
[ 83  82 108]
[107 106 128]
[82 65 97]
[57 45 66]
[87 63 87]
[111  81 106]
[83 63 92]
[71 58 76]
[59 39 65]
[55 47 70]
[73 57 82]
[61 48 70]
[61 50 69]
[76 54 82]
[86 58 80]
[44 30 50]
[116 101 121]
[71 56 82]
[71 57 81]
[69 61 82]
[75 61 87]
[31 30 57]
[55 41 58]
[85 73 97]
[58 40 64]
[96 78 99]
[109  88 115]
[104  83 102]
[53 39 68]
[65 53 78]
[84 59 82]
[50 42 65]
[65 48 71]
[68 58 82]
[49 34 57]
[59 43 69]
[73 48 75]
[47 32 52]
[75 63 88]
[ 93  73 103]
[58 42 66]
[100  80 111]
[93 65 89]
[80 66 90]
[60 45 69]
[85 64 83]
[ 97  79 104]
[ 97  87 116]
[61 50 78]
[110  94 119]
[70 54 81]
[117  83  91]
[65 45 70]
[114  77  91]
[75 56 76]
[102  91 104]
[105  81 106]
[69 55 82]
[79 65 84]
[86 59 80]
[74 51 75]
[70 58 80]
[104  89 119]
[79 69 98]
[72 62 81]
[100  80  97]
[47 34 55]
[63 50 80]
[70 54 81]
[65 50 73]
[125  95 112]
[69 55 79]
[94 63 86]
[38 30 49]
[56 42 64]
[119 106 124]
[49 35 60]
[89 76 96]
[86 67 91]
[105  60  88]
[116  98 118]
[68 64 81]
[100  65  86]
[106  83 100]
[59 41 62]
[63 46 67]
[43 35 59]
[49 36 57]
[61 54 76]
[68 54 81]
[92 62 84]
[62 50 72]
[ 94  85 113]
[57 44 71]
[87 70 88]
[60 40 63]
[72 53 75]
[ 89  75 101]
[52 45 68]
[ 93  82 104]
[110  81 103]
[57 41 67]
[48 31 53]
[45 40 55]
[111  86 100]
[116  91 112]
[87 66 92]
[126 102 123]
[ 90  79 105]
[51 52 78]
[50 46 71]
[46 37 62]
[64 46 68]
[66 59 73]
[49 33 58]
[79 72 90]
[41 31 50]
[90 69 92]
[115 102 119]
[44 41 63]
[90 64 95]
[41 32 53]
[71 50 74]
[76 63 88]
[37 30 50]
[47 36 59]
[72 55 80]
[43 36 59]
[50 49 75]
[82 57 80]
[50 38 59]
[73 66 94]
[58 40 63]
[ 90  89 104]
[72 60 81]
[89 67 89]
[70 57 83]
[51 39 57]
[ 89  72 103]
[45 51 69]
[50 41 65]
[50 37 62]
[67 47 72]
[42 31 53]
[85 56 81]
[74 51 74]
[59 43 65]
[95 69 88]
[42 34 55]
[105  93 103]
[41 34 53]
[43 34 53]
[68 68 87]
[69 45 71]
[50 38 61]
[79 56 77]
[136 123 136]
[64 52 75]
[66 63 86]
[48 40 62]
[65 49 70]
[65 49 76]
[ 88  74 102]
[73 62 86]
[67 55 79]
[115  98 119]
[67 51 73]
[71 62 89]
[45 39 59]
[88 65 91]
[84 63 80]
[57 48 76]
[48 33 53]
[64 65 87]
[87 63 95]
[69 60 82]
[66 51 80]
[ 94  90 118]
[75 53 75]
[101  87 110]
[ 89  71 104]
[56 43 66]
[77 56 75]
[117  79  95]
[87 65 91]
[62 52 74]
[94 73 94]
[69 44 65]
[69 51 75]
[115 107 123]
[61 44 61]
[68 49 70]
[111  87 111]
[126  85  97]
[68 54 71]
[88 52 66]
[44 38 60]
[45 36 63]
[42 38 61]
[102  88 111]
[40 31 49]
[50 46 74]
[63 54 76]
[38 29 54]
[ 90  82 107]
[78 70 89]
[119 100 125]
[76 56 75]
[84 70 96]
[84 68 93]
[50 40 57]
[64 55 81]
[91 80 97]
[70 50 71]
[78 51 69]
[50 40 68]
[49 41 62]
[34 27 43]
[61 43 62]
[64 58 82]
[83 74 91]
[75 60 89]
[59 50 74]
[40 38 64]
[107  61  89]
[ 97  76 101]
[57 39 64]
[59 56 77]
[ 64  80 109]
[70 58 85]
[123 100 117]
[32 27 49]
[77 70 88]
[ 95  82 109]
[77 56 77]
[71 47 67]
[113 110 131]
[78 61 87]
[ 93  78 106]
[84 63 91]
[45 35 54]
[101  96 116]
[93 60 93]
[53 46 69]
[83 65 86]
[ 99  91 102]
[103  79 104]
[43 32 54]
[55 41 56]
[82 55 74]
[57 43 66]
[81 63 86]
[70 47 70]
[47 46 68]
[89 71 96]
[72 54 77]
[72 53 75]
[49 43 66]
[97 63 88]
[61 41 61]
[91 77 97]
[47 39 65]
[78 47 64]
[ 87  81 103]
[127 129 146]
[61 42 60]
[100  84 110]
[31 24 42]
[47 42 63]
[ 96  81 101]
[62 61 87]
[ 79  89 106]
[68 41 64]
[61 51 73]
[ 81  88 104]
[42 28 48]
[85 56 77]
[50 44 65]
[81 60 76]
[59 47 72]
[ 92  88 115]
[58 39 64]
[38 37 56]
[40 35 54]
[91 75 94]
[54 41 65]
[71 50 75]
[54 43 68]
[61 39 65]
[65 62 83]
[54 40 58]
[41 31 48]
[109  95 114]
[94 69 87]
[88 68 98]
[88 65 86]
[63 40 60]
[53 43 61]
[ 96  83 106]
[87 60 85]
[ 90  72 102]
[84 71 88]
[85 59 82]
[104  68  77]
[59 42 63]
[82 56 74]
[45 39 61]
[53 41 62]
[85 57 79]
[115  89 110]
[57 47 68]
[58 42 69]
[94 70 93]
[84 71 88]
[53 41 63]
[52 39 67]
[81 66 86]
[119 107 123]
[33 30 48]
[75 63 81]
[50 43 63]
[49 32 51]
[63 51 69]
[105  69  92]
[123  95 111]
[86 64 82]
[85 65 84]
[59 42 70]
[ 86  78 104]
[70 49 74]
[81 70 82]
[79 56 76]
[65 39 60]
[73 55 75]
[72 54 75]
[53 38 62]
[107  78  92]
[70 47 60]
[45 43 59]
[60 38 59]
[52 37 57]
[61 44 65]
[56 39 56]
[57 54 83]
[57 46 68]
[55 36 60]
[69 52 70]
[96 76 97]
[61 54 90]
[83 62 85]
[66 49 72]
[61 51 69]
[64 49 79]
[95 70 87]
[74 73 87]
[85 63 80]
[50 35 52]
[74 48 72]
[82 67 79]
[69 60 80]
[41 29 43]
[46 32 56]
[78 53 73]
[65 52 77]
[81 67 89]
[53 42 72]
[43 30 49]
[49 35 53]
[72 50 73]
[70 43 64]
[136  99 110]
[76 69 90]
[66 54 83]
[70 48 73]
[85 65 92]
[98 65 86]
[113  97 121]
[78 58 78]
[92 69 88]
[90 65 89]
[130  79  93]
[86 58 83]
[ 87  83 110]
[94 64 87]
[112 125 139]
[61 55 89]
[95 69 97]
[49 51 75]
[82 76 93]
[44 31 50]
[43 34 53]
[52 40 60]
[74 57 80]
[ 93  79 102]
[ 96  81 104]
[105  85 108]
[63 59 81]
[93 61 77]
[49 40 58]
[72 39 63]
[37 28 46]
[49 36 63]
[ 86  91 103]
[59 42 65]
[81 59 81]
[74 74 92]
[79 55 78]
[62 50 76]
[54 32 54]
[64 42 63]
[68 59 80]
[55 40 64]
[51 37 57]
[61 46 71]
[65 45 69]
[55 46 69]
[52 34 59]
[45 33 60]
[42 29 48]
[128 122 137]
[72 47 70]
[39 39 67]
[90 67 92]
[46 33 53]
[47 41 62]
[70 51 75]
[73 52 80]
[86 64 87]
[95 69 86]
[60 43 66]
[63 53 76]
[78 54 70]
[86 76 94]
[71 56 77]
[41 28 51]
[78 70 92]
[60 46 70]
[56 48 65]
[88 74 95]
[84 56 75]
[48 33 51]
[72 69 97]
[87 58 84]
[40 44 70]
[122  92 112]
[68 46 70]
[73 61 87]
[95 71 94]
[55 37 61]
[77 59 87]
[53 42 67]
[62 49 73]
[60 41 60]
[53 38 60]
[57 39 60]
[114  68  85]
[119 117 134]
[61 46 71]
[87 59 87]
[83 58 81]
[81 72 99]
[57 49 69]
[65 53 75]
[59 39 57]
[64 54 75]
[62 42 56]
[65 47 76]
[53 33 58]
[94 70 89]
[98 64 91]
[111  96 111]
[61 40 63]
[ 93  83 105]
[38 26 46]
[50 41 64]
[54 35 56]
[90 71 91]
[48 35 55]
[70 54 82]
[136 131 153]
[73 48 71]
[49 39 56]
[97 82 94]
[76 44 71]
[88 71 91]
[48 37 57]
[83 63 87]
[75 58 83]
[139 147 146]
[74 56 77]
[52 42 58]
[ 79  84 100]
[47 49 71]
[100 119 129]
[41 32 54]
[49 34 52]
[60 55 80]
[104 104 119]
[48 38 61]
[105  86 103]
[101  70  94]
[54 44 63]
[129  83 103]
[49 42 65]
[111  81 100]
[71 42 63]
[52 36 54]
[ 87  71 101]
[130  86  98]
[112  93 116]
[50 39 61]
[54 37 65]
[83 52 72]
[44 31 46]
[41 29 50]
[45 34 53]
[59 57 85]
[61 46 69]
[112 131 139]
[38 29 49]
[44 35 57]
[69 51 73]
[73 58 76]
[50 46 66]
[109  96 117]
[72 54 74]
[107 103 122]
[81 76 98]
[121  89 103]
[75 57 80]
[72 59 95]
[70 54 79]
[ 89  82 102]
[39 35 55]
[99 71 98]
[52 40 61]
[81 58 83]
[78 51 73]
[78 54 79]
[65 43 62]
[54 48 74]
[34 30 50]
[112 114 132]
[67 47 70]
[56 47 71]
[45 33 61]
[68 54 77]
[62 44 68]
[100  67  94]
[62 51 71]
[89 71 91]
[43 33 48]
[123 103 121]
[65 52 79]
[50 38 51]
[66 36 52]
[89 62 79]
[135  92 105]
[100  67  81]
[50 36 55]
[67 50 76]
[43 39 61]
[101  75  96]
[88 66 85]
[57 37 58]
[114  83 100]
[57 33 56]
[48 37 62]
[58 46 74]
[99 75 95]
[115 114 131]
[41 28 51]
[49 38 56]
[78 68 84]
[100  70  88]
[63 43 61]
[60 41 63]
[81 54 82]
[74 59 78]
[67 35 58]
[85 65 83]
[60 46 74]
[46 43 68]
[40 40 65]
[72 47 69]
[59 46 62]
[92 53 76]
[93 59 86]
[36 27 44]
[155 147 149]
[85 64 83]
[62 36 58]
[37 24 42]
[56 49 67]
[45 36 61]
[39 37 55]
[95 63 85]
[54 31 57]
[67 58 76]
[49 34 53]
[41 31 45]
[89 68 93]
[75 61 84]
[47 32 60]
[55 43 71]
[45 34 57]
[48 39 60]
[55 46 71]
[53 39 61]
[80 46 63]
[ 90  89 110]
[78 70 93]
[79 59 86]
[43 29 48]
[57 65 83]
[67 48 70]
[77 52 73]
[72 45 68]
[99 68 94]
[107  66  95]
[52 52 67]
[94 76 96]
[51 41 65]
[36 30 58]
[55 42 69]
[55 48 78]
[72 64 88]
[90 72 99]
[83 61 87]
[89 53 73]
[56 40 61]
[87 67 88]
[69 57 77]
[93 78 96]
[54 59 81]
[101  53  69]
[55 59 82]
[60 55 81]
[38 32 59]
[43 33 56]
[61 43 66]
[52 32 53]
[56 47 69]
[124  82  92]
[100  63  88]
[63 40 61]
[53 36 57]
[64 64 87]
[73 55 76]
[78 52 74]
[76 56 81]
[52 36 60]
[69 51 72]
[86 50 69]
[85 69 94]
[61 40 65]
[59 49 77]
[56 43 65]
[83 68 92]
[52 37 64]
[65 41 54]
[103  86 111]
[38 30 50]
[68 44 67]
[84 53 71]
[ 74  88 108]
[66 60 87]
[67 48 73]
[48 35 59]
[70 52 78]
[116  58  72]
[99 73 99]
[102  53  72]
[121  68  81]
[58 47 68]
[57 46 73]
[67 56 90]
[105  82  96]
[73 48 70]
[72 65 86]
[33 24 43]
[68 49 70]
[35 28 46]
[79 59 78]
[64 66 85]
[70 60 93]
[58 45 67]
[62 46 69]
[56 37 62]
[101  71  83]
[40 29 50]
[89 66 84]
[46 48 70]
[93 68 89]
[65 53 73]
[59 42 61]
[126 115 135]
[63 46 62]
[89 56 81]
[67 57 77]
[55 36 62]
[54 37 64]
[74 57 84]
[57 59 84]
[70 51 79]
[72 44 62]
[97 61 85]
[77 53 74]
[89 67 96]
[90 70 92]
[59 48 71]
[85 67 89]
[72 46 71]
[75 53 70]
[48 33 57]
[60 43 63]
[37 32 56]
[53 40 60]
[93 68 89]
[115  81 106]
[63 48 75]
[94 54 75]
[66 38 57]
[47 37 64]
[72 52 78]
[103  86 104]
[63 42 70]
[83 62 90]
[116  72  97]
[66 46 67]
[80 60 76]
[ 77  75 101]
[81 59 83]
[94 73 92]
[113  92 113]
[48 34 55]
[47 38 64]
[70 44 69]
[42 33 61]
[67 54 84]
[67 48 70]
[107  84 104]
[80 45 63]
[57 39 60]
[50 39 50]
[97 58 76]
[105  71  99]
[95 60 84]
[65 52 77]
[105 118 122]
[78 62 85]
[55 41 58]
[57 45 67]
[54 43 63]
[ 91  75 107]
[50 39 67]
[55 37 59]
[61 57 81]
[72 44 72]
[36 30 49]
[85 63 91]
[68 47 69]
[94 59 78]
[61 40 67]
[55 48 70]
[73 58 87]
[74 52 68]
[ 94  81 108]
[65 60 93]
[126  76  91]
[73 66 87]
[81 64 90]
[63 48 67]
[49 36 59]
[61 47 60]
[42 36 59]
[60 45 69]
[61 46 71]
[77 55 80]
[70 46 71]
[37 46 70]
[71 38 56]
[50 41 68]
[54 47 72]
[43 42 61]
[90 69 93]
[52 45 66]
[118  94 118]
[58 34 59]
[72 52 76]
[48 39 71]
[56 40 58]
[74 48 74]
[103  67  92]
[64 40 63]
[45 29 49]
[74 56 73]
[ 92  81 102]
[92 45 57]
[58 45 70]
[37 29 55]
[80 62 86]
[50 33 58]
[58 45 71]
[ 89  77 103]
[57 38 66]
[ 86  86 107]
[67 53 80]
[77 65 87]
[50 37 60]
[96 62 79]
[85 63 82]
[61 39 56]
[64 40 61]
[91 65 90]
[83 57 77]
[96 71 88]
[60 40 61]
[74 49 77]
[60 46 72]
[84 68 93]
[62 42 67]
[112  73  85]
[62 49 73]
[102  81 104]
[51 37 60]
[60 41 73]
[70 56 80]
[79 59 84]
[54 42 71]
[89 63 93]
[110  87 112]
[68 44 62]
[108  65  78]
[71 70 90]
[42 31 52]
[ 96  82 103]
[55 40 61]
[87 59 80]
[ 96  89 113]
[69 59 81]
[104  51  72]
[115  88 104]
[79 62 89]
[65 51 78]
[39 32 59]
[35 27 49]
[73 61 88]
[45 33 54]
[48 39 64]
[79 59 82]
[50 43 67]
[97 57 82]
[58 39 62]
[75 59 87]
[80 70 89]
[44 29 43]
[93 65 83]
[127  92 124]
[64 39 63]
[47 35 62]
[34 27 48]
[61 49 67]
[50 36 58]
[83 59 80]
[109  72  96]
[73 67 94]
[45 32 55]
[79 61 86]
[43 24 46]
[69 39 63]
[92 64 87]
[91 70 99]
[63 49 68]
[38 30 51]
[60 64 82]
[100  74  94]
[127 101 120]
[63 48 69]
[140  80  98]
[41 28 52]
[50 46 66]
[65 54 82]
[62 50 77]
[64 37 57]
[86 48 59]
[128 112 133]
[81 74 91]
[35 29 47]
[ 98  95 117]
[88 50 67]
[92 55 69]
[33 24 41]
[ 95  84 114]
[66 47 71]
[71 50 70]
[51 35 63]
[41 31 53]
[107  84 106]
[46 34 58]
[61 41 59]
[89 69 90]
[95 66 85]
[79 53 80]
[81 43 67]
[93 55 85]
[65 52 89]
[39 32 52]
[79 52 70]
[57 40 63]
[81 49 68]
[47 33 58]
[60 35 62]
[72 56 77]
[40 25 46]
[57 52 73]
[43 32 54]
[ 79  96 118]
[60 52 72]
[65 42 68]
[62 44 63]
[46 36 53]
[59 34 52]
[87 63 84]
[78 39 63]
[57 42 68]
[72 68 88]
[58 48 72]
[ 94  78 101]
[92 69 93]
[37 31 57]
[24 25 52]
[67 69 95]
[40 35 55]
[56 39 60]
[52 46 69]
[37 28 50]
[98 65 87]
[69 60 76]
[64 46 67]
[61 40 59]
[69 47 70]
[108  88 107]
[56 41 64]
[42 39 63]
[46 39 59]
[64 50 77]
[50 31 53]
[75 52 65]
[69 53 79]
[57 38 62]
[47 40 63]
[58 37 68]
[78 65 91]
[65 41 59]
[86 54 78]
[47 34 52]
[99 77 98]
[116  60  75]
[34 30 54]
[104 112 133]
[72 53 75]
[44 36 58]
[63 48 70]
[68 47 75]
[69 54 79]
[64 38 60]
[91 58 85]
[55 44 72]
[42 34 58]
[92 70 86]
[50 35 60]
[70 70 85]
[77 55 77]
[63 45 70]
[101 107 116]
[100  76 101]
[75 68 94]
[62 46 71]
[122  74  84]
[73 64 84]
[72 58 81]
[62 48 73]
[34 30 51]
[59 57 77]
[29 26 50]
[ 87  74 102]
[46 40 68]
[44 36 59]
[67 42 62]
[55 39 69]
[54 34 54]
[68 50 71]
[47 47 68]
[84 60 82]
[71 43 66]
[44 33 58]
[59 39 62]
[124  72  88]
[75 63 89]
[113  69  96]
[73 57 80]
[75 57 86]
[47 29 54]
[103  81  98]
[60 57 84]
[105  67  88]
[50 37 65]
[29 29 51]
[108  64  83]
[47 33 49]
[51 35 53]
[91 70 88]
[45 36 64]
[105  67  91]
[37 24 44]
[70 56 83]
[105  91 111]
[77 51 73]
[82 61 81]
[55 47 72]
[104  64  92]
[43 29 48]
[111  81  97]
[43 31 49]
[124 111 133]
[42 36 56]
[54 48 68]
[46 31 53]
[70 47 64]
[55 39 59]
[108 109 126]
[50 34 57]
[64 47 71]
[94 79 98]
[74 52 68]
[57 58 81]
[58 35 63]
[48 35 53]
[104  73  99]
[76 61 95]
[39 33 53]
[90 58 86]
[44 29 50]
[65 81 98]
[ 92  90 117]
[47 39 61]
[77 76 97]
[72 45 68]
[52 42 55]
[48 49 66]
[46 42 67]
[113 110 131]
[38 29 51]
[83 52 82]
[ 90  98 115]
[43 35 57]
[34 23 42]
[39 29 49]
[46 31 56]
[72 54 75]
[53 42 69]
[35 29 50]
[109  67  84]
[53 36 60]
[ 87  73 102]
[45 35 57]
[61 44 66]
[89 70 88]
[62 49 76]
[44 38 70]
[67 60 80]
[76 53 73]
[100  72  97]
[32 29 59]
[65 50 67]
[55 53 79]
[90 79 98]
[69 51 74]
[36 31 49]
[39 34 62]
[90 70 92]
[104  99 112]
[65 48 70]
[61 46 73]
[132 151 155]
[66 42 64]
[ 94  84 107]
[76 57 88]
[51 43 64]
[43 26 47]
[66 43 67]
[56 43 64]
[72 58 78]
[53 44 68]
[93 59 78]
[ 83  85 105]
[75 75 99]
[88 63 91]
[103  66  91]
[101  67  84]
[75 52 70]
[110  99 115]
[55 49 74]
[63 59 84]
[92 72 90]
[53 47 65]
[37 44 70]
[86 69 97]
[102  69  94]
[50 36 58]
[75 65 85]
[78 58 79]
[45 36 52]
[ 94  81 112]
[54 51 71]
[104  99 117]
[78 77 98]
[41 32 53]
[73 67 98]
[112  96 111]
[32 31 54]
[74 55 82]
[91 54 75]
[106  75 101]
[76 70 87]
[ 79  78 100]
[83 68 90]
[81 57 84]
[110  90 105]
[82 56 75]
[73 57 83]
[76 56 85]
[68 42 66]
[120  89 104]
[92 65 86]
[138  70  73]
[100  62  83]
[82 56 79]
[ 94  85 100]
[104  72  89]
[56 41 68]
[ 87  89 108]
[36 31 52]
[60 55 73]
[54 41 60]
[93 67 87]
[72 65 90]
[54 37 57]
[86 60 85]
[67 47 70]
[44 29 51]
[73 53 78]
[63 43 67]
[100  86 109]
[84 48 69]
[47 34 57]
[55 40 62]
[105  73  92]
[47 34 59]
[105  84  97]
[65 60 79]
[61 40 62]
[47 32 51]
[37 30 50]
[104  58  81]
[64 46 68]
[118 115 129]
[96 68 88]
[46 37 57]
[41 34 53]
[53 33 50]
[106  74  96]
[51 38 66]
[55 49 64]
[108  81 107]
[52 37 60]
[41 34 53]
[56 42 69]
[66 47 68]
[106  77  95]
[25 20 38]
[47 32 60]
[57 34 51]
[85 68 95]
[33 24 40]
[85 59 82]
[64 40 65]
[86 71 86]
[109  92 115]
[44 30 52]
[57 39 60]
[43 35 56]
[79 48 72]
[49 38 56]
[59 46 67]
[82 57 82]
[72 49 72]
[65 35 57]
[71 58 84]
[64 44 68]
[96 56 77]
[36 23 44]
[64 39 58]
[73 59 83]
[60 73 90]
[33 32 57]
[65 48 70]
[133 137 147]
[45 33 54]
[73 54 77]
[70 57 85]
[61 52 76]
[56 48 74]
[48 45 69]
[79 68 89]
[50 35 57]
[43 30 52]
[63 58 85]
[69 59 79]
[73 51 70]
[46 35 51]
[77 57 84]
[57 52 74]
[97 67 90]
[87 60 82]
[47 45 70]
[44 42 61]
[78 71 98]
[45 32 53]
[69 54 82]
[72 51 76]
[84 59 78]
[52 38 58]
[89 81 99]
[65 44 71]
[74 52 78]
[36 28 47]
[ 95  83 104]
[94 59 85]
[101  79 106]
[76 73 97]
[43 31 53]
[50 33 58]
[45 32 52]
[52 42 68]
[67 53 79]
[ 94  77 107]
[60 46 69]
[80 54 79]
[89 62 89]
[78 61 88]
[47 38 61]
[89 51 68]
[59 48 73]
[53 46 72]
[36 29 52]
[73 62 92]
[62 76 99]
[75 62 88]
[53 40 64]
[61 55 77]
[114  73  88]
[40 30 59]
[76 60 87]
[51 37 56]
[58 50 75]
[78 77 96]
[68 59 91]
[55 37 65]
[65 50 70]
[61 48 78]
[37 29 51]
[45 33 64]
[ 89  93 117]
[103  94 110]
[86 64 86]
[80 68 87]
[75 62 94]
[64 49 72]
[81 46 67]
[85 59 85]
[77 60 86]
[118  73  95]
[76 60 90]
[66 51 72]
[70 48 70]
[49 41 64]
[75 57 82]
[50 36 60]
[87 64 88]
[114 110 126]
[71 54 81]
[82 72 92]
[60 53 73]
[103  78  97]
[63 37 63]
[70 50 75]
[112  94 116]
[91 66 92]
[76 59 81]
[65 53 80]
[52 44 68]
[57 37 60]
[42 30 56]
[106  73 101]
[45 39 59]
[65 60 82]
[70 54 73]
[88 57 78]
[69 63 96]
[86 63 89]
[99 71 92]
[33 32 57]
[94 66 90]
[83 52 69]
[45 32 58]
[25 22 39]
[117  83 101]
[67 44 72]
[85 58 78]
[68 54 78]
[56 61 92]
[61 41 57]
[64 41 65]
[72 66 87]
[52 42 64]
[103  64  83]
[43 38 64]
[45 32 56]
[93 61 82]
[44 33 61]
[116 104 121]
[80 66 88]
[78 66 91]
[61 58 81]
[46 36 55]
[70 62 87]
[47 39 64]
[58 60 83]
[88 60 87]
[52 38 58]
[44 33 61]
[56 48 78]
[95 76 97]
[62 45 73]
[73 48 70]
[43 31 53]
[44 34 61]
[87 70 93]
[52 35 60]
[52 39 61]
[84 59 82]
[90 64 95]
[60 63 86]
[43 42 73]
[107  88  99]
[67 59 85]
[62 56 78]
[43 38 58]
[75 51 70]
[66 42 68]
[75 67 93]
[48 41 68]
[94 63 85]
[90 60 83]
[73 53 73]
[115 127 147]
[56 45 67]
[62 43 69]
[58 51 77]
[79 56 85]
[54 31 49]
[111  73  91]
[47 38 58]
[68 60 78]
[75 64 88]
[95 76 93]
[72 49 73]
[71 49 72]
[62 38 65]
[57 46 74]
[64 45 73]
[64 46 67]
[53 42 67]
[59 42 70]
[44 34 60]
[91 70 92]
[124  76  88]
[67 46 70]
[45 34 59]
[ 92  75 101]
[87 64 79]
[78 63 82]
[92 67 92]
[65 58 80]
[57 37 61]
[49 39 66]
[108  97 118]
[127  59  78]
[66 52 77]
[67 43 65]
[85 62 83]
[71 59 79]
[95 64 86]
[93 73 93]
[91 59 83]
[56 36 59]
[62 41 62]
[62 48 70]
[102  67  84]
[87 67 91]
[90 71 99]
[77 72 98]
[53 38 62]
[93 60 80]
[ 94 108 130]
[48 42 68]
[72 43 67]
[53 40 65]
[84 67 86]
[96 73 91]
[104  62  79]
[75 72 90]
[70 54 80]
[41 40 64]
[104  76  93]
[78 55 81]
[72 57 86]
[52 36 59]
[50 42 64]
[57 45 69]
[50 33 60]
[93 63 86]
[58 58 81]
[58 54 79]
[61 42 67]
[35 25 50]
[74 63 86]
[56 53 75]
[57 38 61]
[39 29 50]
[86 56 79]
[52 38 59]
[114 110 127]
[91 59 85]
[133 120 139]
[73 54 81]
[83 67 87]
[49 34 59]
[99 75 91]
[70 57 84]
[66 53 73]
[64 50 79]
[79 53 76]
[60 36 60]
[63 52 77]
[127 126 137]
[59 37 56]
[60 42 68]
[79 53 67]
[116  72  85]
[125  70  73]
[47 31 53]
[76 49 68]
[55 39 61]
[60 43 75]
[59 43 64]
[103  97 116]
[42 37 60]
[43 36 62]
[70 50 80]
[53 36 56]
[144  83  89]
[68 42 67]
[48 52 72]
[83 54 73]
[55 36 63]
[60 52 74]
[62 48 71]
[71 54 79]
[81 58 83]
[78 55 82]
[85 65 85]
[58 46 67]
[60 49 75]
[74 53 77]
[69 50 77]
[36 32 59]
[93 53 80]
[64 57 77]
[100  72  97]
[78 57 78]
[107  85 104]
[77 42 67]
[58 39 64]
[49 43 70]
[85 76 99]
[68 52 75]
[48 44 66]
[114  94 111]
[106  72  95]
[86 63 86]
[64 40 62]
[62 44 64]
[97 78 97]
[84 58 75]
[41 38 63]
[102  81 102]
[52 39 62]
[87 68 85]
[89 63 82]
[73 53 75]
[66 46 70]
[103  62  88]
[125 114 134]
[ 93  80 108]
[77 57 81]
[89 75 97]
[57 42 67]
[61 45 67]
[108 107 123]
[75 63 88]
[63 48 69]
[62 49 66]
[33 30 52]
[46 33 57]
[50 39 66]
[78 50 73]
[ 87  83 105]
[51 46 71]
[48 33 59]
[139  70  86]
[52 35 58]
[51 43 70]
[84 67 86]
[87 72 93]
[107  85 105]
[32 25 41]
[63 44 68]
[100  81 102]
[62 46 70]
[55 41 66]
[ 85  99 110]
[60 47 76]
[59 42 66]
[56 40 63]
[ 90  80 100]
[71 45 73]
[83 63 91]
[56 33 54]
[55 36 59]
[60 43 66]
[74 48 73]
[111  98 112]
[52 44 63]
[47 35 59]
[56 35 61]
[109 110 125]
[103  85 104]
[112  78  99]
[61 43 65]
[56 43 63]
[86 56 76]
[50 41 65]
[86 71 98]
[33 35 62]
[91 68 89]
[86 60 81]
[52 45 68]
[58 41 70]
[59 43 71]
[63 50 68]
[47 36 59]
[106  87 106]
[73 62 89]
[81 54 71]
[74 54 80]
[104 101 118]
[124 113 128]
[51 45 65]
[70 55 80]
[44 37 60]
[65 48 77]
[65 55 81]
[46 32 57]
[ 83  80 101]
[37 31 49]
[106  77  97]
[83 71 94]
[118  76  94]
[98 65 82]
[40 32 57]
[53 33 59]
[111 101 125]
[62 46 69]
[75 72 94]
[61 52 76]
[51 30 53]
[55 55 77]
[61 45 68]
[43 29 51]
[ 82  81 101]
[108  61  76]
[83 70 91]
[125  67  74]
[50 33 53]
[43 34 65]
[89 57 82]
[110 100 120]
[56 42 65]
[103  76  94]
[65 50 82]
[88 63 83]
[59 41 61]
[63 50 77]
[74 44 68]
[59 55 81]
[76 68 90]
[107  80 107]
[53 34 59]
[41 34 56]
[138 132 149]
[70 44 69]
[64 57 80]
[70 58 80]
[70 49 75]
[73 50 73]
[43 35 57]
[84 65 87]
[84 69 92]
[44 35 62]
[74 49 76]
[51 39 61]
[86 59 77]
[98 50 71]
[93 65 92]
[49 41 67]
[67 54 76]
[66 43 68]
[128  63  68]
[41 38 64]
[98 70 89]
[99 80 96]
[106  88 104]
[90 68 86]
[56 52 78]
[74 61 91]
[53 40 63]
[39 32 56]
[80 64 86]
[67 43 60]
[128  80  98]
[64 54 82]
[50 38 57]
[62 48 72]
[84 70 92]
[83 62 85]
[92 70 92]
[56 40 60]
[65 45 67]
[66 45 72]
[90 76 99]
[73 45 69]
[48 45 70]
[57 49 69]
[71 48 73]
[109 115 130]
[ 99  90 108]
[53 37 58]
[49 46 68]
[94 73 98]
[123 105 126]
[60 32 54]
[54 49 73]
[44 32 57]
[97 60 83]
[31 28 57]
[80 64 87]
[92 62 81]
[63 48 72]
[72 54 78]
[42 24 45]
[112  88 109]
[77 66 89]
[106  72  94]
[119 113 132]
[96 64 91]
[122 108 123]
[41 36 59]
[63 51 75]
[75 48 68]
[52 55 81]
[70 57 78]
[96 66 84]
[51 35 59]
[55 37 64]
[86 67 88]
[70 51 76]
[86 49 75]
[81 61 84]
[75 58 81]
[65 52 73]
[63 48 75]
[111  89 108]
[42 34 59]
[65 69 87]
[50 39 61]
[66 49 72]
[49 35 60]
[53 43 66]
[ 98  87 101]
[76 58 86]
[50 46 62]
[66 39 64]
[46 41 62]
[58 38 63]
[ 89  83 104]
[120  72  92]
[101  90 112]
[54 42 64]
[68 46 73]
[40 45 73]
[69 39 60]
[59 57 78]
[100  64  84]
[81 59 76]
[85 74 95]
[71 46 63]
[67 57 85]
[59 44 69]
[116 100 115]
[71 40 58]
[62 48 70]
[ 96  83 104]
[54 62 80]
[72 53 79]
[69 47 77]
[58 41 65]
[51 38 60]
[61 51 74]
[63 48 67]
[59 39 64]
[63 58 82]
[ 87  85 101]
[34 30 59]
[63 43 73]
[80 59 81]
[51 35 57]
[71 52 76]
[46 40 66]
[109  78  96]
[58 39 65]
[73 66 86]
[51 55 86]
[138  60  64]
[46 37 65]
[41 30 53]
[43 38 51]
[141 138 150]
[54 37 62]
[104  98 115]
[91 70 93]
[73 43 69]
[103  70  84]
[37 39 64]
[107  84 100]
[83 75 90]
[55 44 79]
[63 41 60]
[53 39 64]
[72 52 76]
[75 56 80]
[77 54 80]
[87 64 87]
[ 72  78 102]
[54 37 57]
[50 35 59]
[78 58 83]
[43 35 69]
[87 81 98]
[96 54 67]
[98 69 91]
[78 42 63]
[51 44 72]
[49 40 66]
[ 95  79 100]
[119  99 115]
[56 43 69]
[43 38 68]
[79 49 71]
[36 35 63]
[73 50 75]
[108  67  87]
[60 39 65]
[101  61  79]
[35 36 62]
[126 129 148]
[46 33 53]
[76 52 78]
[46 37 55]
[53 37 62]
[48 32 50]
[62 46 71]
[62 41 69]
[57 53 80]
[72 48 72]
[86 58 84]
[84 61 84]
[88 64 91]
[42 41 68]
[83 56 84]
[71 52 74]
[55 31 51]
[91 59 78]
[95 72 90]
[79 64 83]
[111  70  92]
[77 61 84]
[57 40 66]
[72 56 76]
[36 34 66]
[62 36 53]
[56 32 53]
[122  87 105]
[66 48 76]
[76 45 68]
[51 39 66]
[66 46 69]
[78 58 80]
[39 32 55]
[43 29 49]
[68 41 62]
[88 75 96]
[90 59 84]
[61 45 67]
[106  62  80]
[105  82  99]
[67 50 73]
[100  90 116]
[166 111 126]
[130 130 137]
[157  77  97]
[141 125 139]
[157  88  96]
[ 87  73 109]
[ 81  73 106]
[113 101 122]
[ 93  88 116]
[ 86  77 110]
[136 128 143]
[101 101 118]
[ 83  82 109]
[103  91 117]
[113 112 118]
[104  90 122]
[ 93  85 117]
[144 126 143]
[120  99 125]
[131 121 139]
[141 147 152]
[139 137 148]
[ 99  76 109]
[ 95  83 110]
[110 104 124]
[ 85  76 107]
[ 93  86 113]
[72 61 98]
[117 103 133]
[119 111 133]
[ 98  89 120]
[132 119 136]
[116  99 129]
[ 86  74 109]
[126 118 142]
[100  86 117]
[60 52 90]
[ 99  81 111]
[147  98 117]
[101  87 120]
[101  98 127]
[107  99 129]
[ 96  86 116]
[117 108 125]
[100  97 123]
[ 81  74 113]
[128 121 140]
[110  99 131]
[ 87  80 114]
[141 123 131]
[106  95 123]
[147 136 150]
[ 94  87 120]
[153 147 157]
[132 102 125]
[146 119 132]
[114 110 120]
[131 125 146]
[101  90 113]
[153 115 131]
[131 115 138]
[ 86  76 108]
[108 105 119]
[104  98 124]
[127 118 135]
[111  95 122]
[109  93 123]
[113 100 130]
[130 125 148]
[136 127 147]
[119 127 132]
[ 91  90 126]
[ 89  74 110]
[ 91  75 107]
[144 141 158]
[103  97 122]
[142 139 158]
[ 82  75 109]
[ 97  81 115]
[154 159 161]
[137 121 139]
[ 93  71 102]
[111  91 122]
[111  88 114]
[170 177 168]
[ 90  80 111]
[116 102 130]
[ 98  88 116]
[155 139 145]
[121 115 146]
[ 83  71 104]
[136 129 143]
[108 100 128]
[149 120 133]
[ 81  73 109]
[ 84  85 117]
[ 80  70 105]
[111  96 125]
[128 113 135]
[101  87 117]
[113 109 131]
[143 127 134]
[104  93 116]
[101  97 128]
[119 107 133]
[113 110 138]
[167 159 163]
[107 102 129]
[124 110 124]
[100  80 110]
[ 85  81 112]
[129 120 131]
[ 96  84 115]
[ 84  76 111]
[140 139 151]
[ 97  89 120]
[125 118 138]
[122 113 127]
[81 63 96]
[153 149 159]
[ 78  71 107]
[ 99  86 115]
[136 108 131]
[ 86  77 110]
[138 123 139]
[104  97 133]
[109 101 117]
[138 134 139]
[103  86 112]
[ 86  73 105]
[106 106 129]
[ 87  83 116]
[100  92 124]
[107  95 121]
[127 123 136]
[140 134 150]
[137 127 135]
[155 147 163]
[106 101 128]
[113 104 122]
[133 126 143]
[ 91  84 108]
[111  77 107]
[ 84  77 110]
[100  82 111]
[ 93  84 112]
[ 93  80 110]
[68 60 94]
[106  96 121]
[ 79  78 110]
[101  91 114]
[112  94 123]
[144 134 146]
[119 106 130]
[ 86  79 112]
[131 117 137]
[124 117 137]
[114  99 124]
[ 88  72 106]
[114  97 124]
[113 118 130]
[129 125 139]
[ 94  86 115]
[122 127 137]
[114  99 130]
[106  96 126]
[ 91  80 110]
[108  99 126]
[153 151 165]
[119 107 126]
[108  99 120]
[143 157 165]
[ 90  75 105]
[61 55 85]
[ 98  81 108]
[103  90 119]
[ 94  84 108]
[111  95 120]
[ 91  78 113]
[112  98 123]
[142 139 146]
[146 122 137]
[149 144 157]
[160 129 141]
[ 93  78 114]
[ 89  81 113]
[ 87  69 102]
[107  94 127]
[ 80  69 105]
[112  95 123]
[131 117 140]
[105  95 121]
[164 172 174]
[132 122 146]
[115 114 128]
[129 109 134]
[ 94  80 111]
[ 82  74 110]
[112  90 117]
[ 93  80 117]
[158 151 156]
[ 98  89 119]
[167 160 166]
[120 104 127]
[151 136 142]
[ 87  69 104]
[ 88  74 109]
[ 83  81 108]
[167 112 123]
[120 115 144]
[101  93 122]
[ 95  78 106]
[139 109 132]
[107  84 106]
[ 99  81 110]
[76 64 98]
[120 107 135]
[134 116 139]
[ 88  83 110]
[110  98 125]
[102  87 121]
[108  96 121]
[115 105 119]
[ 87  76 107]
[142 134 157]
[104  91 121]
[109  91 119]
[104  89 116]
[ 89  72 105]
[ 95  83 115]
[103  87 113]
[100  89 116]
[102  84 111]
[125 114 133]
[ 95  98 126]
[ 90  76 107]
[105  88 116]
[114 109 130]
[108  95 125]
[ 92  84 114]
[ 98  85 114]
[ 75  67 107]
[144 135 150]
[ 93  76 101]
[112  95 123]
[142 128 141]
[109  97 125]
[116 104 130]
[100  84 112]
[134 127 152]
[104 108 125]
[108 106 130]
[144 139 155]
[137 129 139]
[134 121 137]
[ 82  75 109]
[123 112 133]
[100 101 130]
[151 155 153]
[113  99 127]
[163 123 131]
[110 100 126]
[ 97  78 109]
[101  86 119]
[169 165 169]
[100  86 112]
[178 175 177]
[144 132 152]
[108  80 107]
[ 94  90 124]
[115 110 129]
[101 101 133]
[ 91  87 110]
[122 102 124]
[121 114 137]
[124 123 139]
[ 86  75 111]
[132 120 123]
[100  92 110]
[137 135 152]
[ 79  69 107]
[134 127 147]
[ 93  73 102]
[116 107 140]
[154 141 151]
[ 98  83 110]
[108  86 112]
[114 104 122]
[106 101 123]
[113 112 127]
[119 101 122]
[185 107 110]
[ 89  72 106]
[107 102 134]
[118  94 123]
[ 86  76 112]
[124 104 131]
[ 92  86 115]
[131 118 137]
[140 123 139]
[ 81  70 100]
[72 61 95]
[107  91 121]
[ 95  88 118]
[115 105 124]
[108 104 122]
[ 83  75 106]
[105  89 118]
[ 92  79 111]
[110 107 137]
[119 108 124]
[ 99  88 115]
[115  98 122]
[150 146 151]
[107  98 127]
[100  86 114]
[ 98  78 105]
[123 109 139]
[ 98  87 109]
[112  95 121]
[111  95 118]
[101  92 121]
[ 90  74 106]
[ 94  77 106]
[159 150 158]
[119 107 134]
[118 104 129]
[108  92 119]
[145 140 146]
[122 112 132]
[101  89 114]
[ 80  70 103]
[108 103 131]
[ 84  74 104]
[132 124 139]
[ 94  74 104]
[141 141 150]
[117 104 134]
[ 95  75 103]
[ 96  77 108]
[ 94  85 108]
[130 124 147]
[ 77  70 110]
[104  90 119]
[127  98 124]
[ 98  87 116]
[109  99 126]
[112 100 128]
[ 91  82 116]
[147 142 155]
[126 109 135]
[110 108 126]
[ 83  73 109]
[ 95  81 114]
[108  92 119]
[156 147 157]
[ 99  85 116]
[172 172 171]
[103  80 104]
[117  95 120]
[137 134 154]
[109  97 121]
[149 117 126]
[ 85  69 104]
[123 114 129]
[ 95  80 113]
[ 91  89 114]
[ 89  76 112]
[125 106 128]
[ 91  82 117]
[134 123 136]
[77 62 96]
[124 117 138]
[117 111 129]
[ 86  75 109]
[100  87 119]
[ 92  78 112]
[141 139 137]
[158 167 165]
[110  90 120]
[ 79  67 104]
[125 125 139]
[119 111 131]
[134 117 132]
[109  93 118]
[141 111 132]
[131 116 138]
[ 99  82 114]
[126 112 132]
[102  89 112]
[126 112 142]
[112 100 127]
[118 117 131]
[ 84  72 107]
[ 89  80 111]
[143 148 147]
[111 104 131]
[105  85 112]
[117 106 138]
[ 98  76 106]
[101  84 106]
[114  88 118]
[157 161 168]
[103  85 114]
[143 131 148]
[134 118 140]
[100  80 110]
[139 145 147]
[124 115 135]
[145 114 124]
[112  98 122]
[ 83  74 108]
[122 115 136]
[100  85 111]
[146 141 148]
[ 97  84 117]
[122 119 137]
[ 95  86 112]
[119 100 122]
[135 120 131]
[118 115 137]
[ 87  70 106]
[ 99  88 117]
[ 95  84 112]
[119 105 127]
[ 85  77 107]
[ 91  75 110]
[142 129 151]
[ 90  73 106]
[122 111 130]
[100  87 115]
[143 140 149]
[113  90 121]
[155 147 162]
[143 129 148]
[107  92 121]
[140 142 146]
[120 104 125]
[124 114 137]
[114  98 120]
[ 88  69 103]
[106  94 123]
[145 146 151]
[107 100 121]
[ 99  85 116]
[118 133 137]
[129 113 134]
[ 94  87 121]
[125 124 132]
[127 123 143]
[ 99  82 119]
[ 92  81 115]
[131 135 143]
[142 114 128]
[112 102 124]
[145 131 148]
[ 93  95 121]
[ 95  75 102]
[112  99 127]
[ 94  81 110]
[127 111 130]
[127 112 130]
[ 83  78 117]
[103  95 123]
[160 160 159]
[100  82 105]
[140 129 146]
[108 102 127]
[74 57 83]
[ 75  68 100]
[109  84 115]
[122 108 133]
[113  94 120]
[101  84 112]
[ 95  96 124]
[112  98 126]
[ 99  77 107]
[ 96  79 105]
[169 177 180]
[103  81 109]
[135 127 141]
[ 85  70 107]
[ 94  93 114]
[111  91 114]
[122 109 133]
[157 144 155]
[141 130 151]
[105  87 110]
[111  92 116]
[137 125 146]
[ 98  79 102]
[113  95 119]
[98 78 93]
[ 93  82 116]
[ 95  82 113]
[ 88  72 107]
[119 118 140]
[103  88 115]
[173 170 164]
[131 120 136]
[ 98  81 108]
[ 91  84 117]
[112  91 120]
[102  82 109]
[135 117 136]
[118 106 133]
[100  78 103]
[143 141 145]
[113  92 123]
[ 92  78 108]
[100  79 109]
[124 109 132]
[123 104 130]
[112  98 125]
[ 86  70 105]
[105  86 111]
[ 94  74 105]
[125 116 130]
[ 90  83 117]
[154 152 155]
[ 91  78 113]
[103  84 114]
[ 82  79 117]
[107  99 127]
[108  97 121]
[179 167 171]
[102  88 118]
[135 116 137]
[ 97  83 120]
[103  85 108]
[ 93  76 107]
[ 85  71 100]
[ 85  75 112]
[ 94  79 109]
[120 103 128]
[76 64 95]
[103  86 115]
[ 88  72 101]
[106  90 123]
[138 118 132]
[128 118 137]
[110  83 111]
[146 142 148]
[124 108 129]
[102  87 121]
[87 65 94]
[113  94 120]
[ 91  75 110]
[ 97 100 113]
[82 67 98]
[106  86 108]
[83 66 94]
[115  98 123]
[143 130 148]
[124  98 122]
[99 76 99]
[117 115 133]
[114  92 115]
[109 101 129]
[142 127 142]
[112  94 121]
[131 102 128]
[ 94  82 105]
[147 130 139]
[123 114 133]
[121 100 122]
[110  91 112]
[119 103 125]
[152 130 149]
[110  87 113]
[125 112 131]
[153 171 165]
[122  95 117]
[155 152 152]
[154 135 145]
[162 131 133]
[142 142 149]
[ 68  66 101]
[ 97  82 112]
[108  89 115]
[ 93  74 102]
[ 97  87 117]
[ 90  84 117]
[ 98  83 116]
[142 142 153]
[123 106 128]
[105  94 125]
[135 116 137]
[113 106 118]
[ 93  68 101]
[110  94 124]
[130 116 134]
[101  80 108]
[ 99  82 111]
[ 86  76 114]
[ 86  75 105]
[89 69 97]
[134 126 145]
[ 98  77 107]
[103  87 117]
[ 93  79 105]
[123 102 128]
[ 96  76 106]
[124 107 128]
[ 96  75 101]
[102  83 109]
[170 113 119]
[84 65 92]
[ 94  90 117]
[ 88  71 104]
[134 116 137]
[106  86 111]
[127 113 125]
[119 109 130]
[136 128 142]
[147 135 147]
[118 100 127]
[ 88  76 111]
[123  99 124]
[106  90 123]
[ 69  63 106]
[105  88 118]
[102  79 110]
[156 152 156]
[116  95 122]
[104  94 121]
[108  86 110]
[115 101 130]
[ 86  67 101]
[145 126 142]
[ 95  77 107]
[ 99  90 123]
[111  96 122]
[121  96 121]
[155 136 145]
[104  83 113]
[116  97 121]
[104  85 110]
[ 91  75 108]
[ 84  74 111]
[102  76 103]
[141 120 131]
[125 115 134]
[116 115 133]
[ 95  78 107]
[102  84 112]
[111 104 127]
[110  95 123]
[109  95 119]
[144 104 121]
[68 59 89]
[137 133 145]
[ 93  78 108]
[117 112 132]
[122 117 135]
[133 130 144]
[112 103 120]
[66 48 81]
[ 99  83 107]
[ 96  85 117]
[115 110 127]
[67 55 85]
[102  63  87]
[ 83  73 105]
[ 89  71 102]
[63 52 85]
[139 116 131]
[116 118 127]
[116 105 128]
[116  99 121]
[67 53 85]
[ 86  76 103]
[118 106 128]
[139 142 152]
[ 95  81 115]
[ 82  75 103]
[148 145 153]
[137 125 138]
[108  83 113]
[110  95 123]
[ 85  72 107]
[ 93  82 114]
[118 109 133]
[110  90 115]
[125 105 129]
[117 104 121]
[87 48 83]
[105  90 116]
[163 144 147]
[ 78  72 104]
[128 111 130]
[108  89 112]
[ 87  73 103]
[113  97 121]
[ 83  69 101]
[77 60 95]
[124  57  62]
[147 122 133]
[103  83 112]
[ 93  78 105]
[ 93  78 106]
[ 95  78 106]
[115 114 127]
[113 104 127]
[106  89 114]
[ 98  78 108]
[ 91  82 113]
[112  96 120]
[103  89 117]
[112 112 141]
[113  98 125]
[136 124 139]
[135 123 142]
[ 97  81 105]
[125 100 124]
[135 116 136]
[60 46 77]
[133  89 108]
[128 113 129]
[141 114 130]
[138 138 152]
[135 112 132]
[106  89 117]
[107  85 111]
[113  93 124]
[ 99  86 113]
[ 89  76 107]
[121 100 124]
[115 109 129]
[105  83 107]
[160 125 135]
[ 95  80 114]
[112 106 133]
[136 126 144]
[121 108 131]
[126 110 129]
[127 110 130]
[112  98 119]
[125 112 126]
[101  90 118]
[142 115 129]
[125 109 131]
[119 102 128]
[110  94 118]
[100  89 112]
[109 101 126]
[130 117 139]
[115  95 119]
[ 99  92 115]
[77 67 99]
[116 114 122]
[102  95 118]
[132 119 136]
[ 91  74 106]
[117 101 122]
[103 104 126]
[121 111 136]
[126 104 124]
[136 139 155]
[ 99  88 117]
[ 96  82 113]
[125 104 124]
[110 121 131]
[108 105 127]
[132 125 140]
[105  89 119]
[72 58 86]
[129 117 134]
[ 99  91 116]
[ 96  99 118]
[ 88  77 109]
[127 118 135]
[121 110 131]
[111  96 127]
[109  88 110]
[ 94  83 117]
[ 97  85 116]
[145 127 146]
[110  95 120]
[118 104 124]
[ 94  88 115]
[104  94 121]
[131 120 143]
[128 118 137]
[121  96 123]
[131 118 134]
[111  94 125]
[ 87  73 104]
[108  99 121]
[138 128 143]
[ 96  86 120]
[133 119 137]
[ 96  86 114]
[101  86 115]
[151 149 154]
[103  87 114]
[105  93 122]
[106  80 107]
[69 58 94]
[127 131 155]
[ 77  69 103]
[64 55 87]
[ 99  88 112]
[ 99  98 124]
[87 68 94]
[76 64 93]
[139 147 153]
[104  87 115]
[ 81  70 101]
[170 167 160]
[146 138 146]
[106  89 117]
[144 123 140]
[123 122 138]
[ 87  71 102]
[ 95  83 109]
[117 104 129]
[103  88 115]
[119 109 128]
[121  97 118]
[110 100 126]
[118 108 126]
[120 116 137]
[107  97 124]
[ 90  78 107]
[100  81 111]
[105  96 124]
[110 104 121]
[82 49 83]
[133  62  83]
[122 111 130]
[180 131 138]
[126 129 136]
[116  95 119]
[122 104 126]
[124 103 126]
[120 108 123]
[109 101 125]
[137 126 138]
[119 110 131]
[117 112 136]
[115  97 115]
[ 94  93 117]
[103  80 109]
[64 52 80]
[ 91  83 110]
[112  96 118]
[104  88 115]
[127 123 135]
[ 82  80 110]
[106  97 124]
[124 135 142]
[77 61 94]
[ 93  81 109]
[105  94 116]
[120 104 128]
[ 79  68 100]
[108  97 121]
[82 67 97]
[128 114 133]
[ 93  76 107]
[ 81  69 101]
[ 83  71 100]
[ 91  81 112]
[ 84  77 105]
[112  95 121]
[129 113 138]
[135 133 150]
[ 97  84 111]
[ 83  73 107]
[ 96  81 112]
[103  98 121]
[117 105 128]
[ 97  80 111]
[107  91 118]
[90 67 95]
[127 120 135]
[110 106 129]
[104  91 118]
[ 91  76 104]
[ 89  72 104]
[143 131 136]
[121 113 134]
[107  88 115]
[ 94  73 100]
[105  87 110]
[112  94 122]
[62 55 87]
[112 103 127]
[ 93  76 106]
[114  92 112]
[117 105 129]
[ 88  74 105]
[ 96  77 104]
[153 162 168]
[111  89 117]
[ 99  87 114]
[109  93 120]
[109  85 109]
[124 106 130]
[102  86 114]
[120 108 131]
[ 98  84 115]
[131 129 147]
[101  80 103]
[75 63 97]
[ 73  71 104]
[109  87 112]
[ 98  84 109]
[138 128 142]
[132 124 141]
[125 104 129]
[83 69 96]
[120 102 126]
[ 93  73 100]
[124 101 117]
[110  91 116]
[104  87 113]
[118 100 124]
[116  97 119]
[151 159 160]
[111  95 124]
[ 94  71 101]
[ 95  73 102]
[108 100 125]
[85 68 99]
[138 118 138]
[ 89  77 106]
[121 107 128]
[ 76  70 102]
[ 83  70 102]
[126 102 119]
[118  93 113]
[ 99  85 111]
[126 115 131]
[ 97  83 108]
[118  98 119]
[145 137 151]
[101  87 114]
[ 76  73 102]
[119 103 126]
[126 127 146]
[100  84 111]
[ 95  74 100]
[106  94 117]
[150 143 158]
[84 65 96]
[100  86 116]
[166 156 156]
[ 84  74 105]
[ 98  80 111]
[128 113 135]
[125 104 126]
[163 163 167]
[122 102 126]
[134 142 142]
[110  85 114]
[100  80 109]
[106  83 109]
[122 104 126]
[ 95  77 104]
[124 110 130]
[103  84 110]
[ 85  78 109]
[119  98 123]
[139 116 132]
[85 66 98]
[100  85 114]
[119 105 131]
[103  95 113]
[113 107 127]
[ 85  71 100]
[ 84  74 107]
[119 104 124]
[126 107 122]
[127 116 135]
[126 116 137]
[101  82 109]
[117  99 123]
[78 68 98]
[126 111 134]
[ 99  76 108]
[127 115 136]
[139 132 140]
[108  97 116]
[128 116 135]
[155 156 160]
[ 94  79 110]
[ 96  86 113]
[88 43 70]
[123 110 131]
[107  97 115]
[146 149 156]
[115 115 127]
[ 99  81 108]
[126 104 125]
[94 73 98]
[110  99 124]
[111  90 117]
[151 155 156]
[ 92  76 107]
[103  83 105]
[157 113 125]
[80 67 98]
[117 107 127]
[ 85  71 101]
[125  87 102]
[122 106 128]
[ 83  69 103]
[106  94 112]
[129 124 138]
[91 71 96]
[ 98  85 114]
[ 78  81 110]
[ 98  83 115]
[123 123 139]
[115  98 122]
[111  82  99]
[87 64 90]
[ 89  79 110]
[101  84 113]
[ 85  71 103]
[ 83  73 103]
[79 65 94]
[72 60 97]
[ 78  69 103]
[144 130 139]
[ 82  71 106]
[122 105 134]
[103  91 115]
[ 89  83 109]
[132 121 138]
[108  93 121]
[ 89  73 106]
[125 111 125]
[ 89  76 102]
[151 140 154]
[143 136 141]
[117  99 122]
[ 95  81 108]
[141 132 140]
[77 68 97]
[ 85  74 103]
[119 107 130]
[ 78  81 104]
[128 121 140]
[109  99 123]
[ 83  71 104]
[101  86 110]
[113 104 126]
[110 100 125]
[116  99 120]
[141 119 131]
[143 117 134]
[115  96 121]
[139 133 152]
[151 141 157]
[141 132 149]
[ 83  71 104]
[112  90 115]
[139 115 128]
[71 66 97]
[88 68 97]
[129 120 138]
[ 93  75 109]
[ 95  73 102]
[ 93  85 114]
[138 113 132]
[128 108 129]
[171 184 173]
[105  87 113]
[ 96  77 109]
[ 90  85 109]
[110  94 119]
[104  86 110]
[134 111 127]
[114  98 122]
[108  88 111]
[ 95  78 108]
[139 132 142]
[ 80  69 104]
[118 101 123]
[ 92  72 102]
[150 150 160]
[110  92 117]
[ 96  80 111]
[127 102 121]
[109 102 118]
[88 68 97]
[129 117 138]
[117  98 120]
[114  89 115]
[79 62 93]
[129 103 126]
[127 106 122]
[143 146 152]
[107  86 113]
[123 108 126]
[ 83  69 102]
[129 128 142]
[115 101 119]
[105 102 127]
[149 143 154]
[103  82 108]
[121 103 125]
[117  68  82]
[158 131 142]
[ 91  74 102]
[125  99 123]
[140 122 136]
[ 93  78 104]
[129 112 132]
[138 118 134]
[139 129 142]
[ 91  80 109]
[137 134 141]
[126 112 127]
[135 132 145]
[105  95 118]
[134 118 131]
[91 72 99]
[123 110 133]
[103  99 117]
[142 131 147]
[130 110 127]
[ 89  73 105]
[122  90 105]
[95 73 97]
[156 145 147]
[140 115 133]
[ 98  78 103]
[137 139 148]
[129 122 134]
[115  95 114]
[164 128 134]
[108  96 121]
[ 82  69 103]
[153 146 154]
[119  92 114]
[ 96  76 106]
[158 148 160]
[ 95  83 115]
[100  81 109]
[154 157 147]
[125 114 130]
[118 101 127]
[127  88 106]
[85 65 93]
[150 151 157]
[129 100 116]
[114  99 122]
[132 121 136]
[126 103 127]
[110  94 124]
[147 116 134]
[104  84 113]
[ 89  80 112]
[146 144 155]
[106 108 121]
[69 54 89]
[153 173 166]
[ 94  86 117]
[127 105 127]
[108  87 117]
[136 124 138]
[ 93  81 109]
[187 190 181]
[144 122 136]
[107 106 125]
[106  87 111]
[142 112 125]
[104  84 109]
[155 156 157]
[120  94 113]
[130 113 131]
[135 116 132]
[162 159 162]
[116 106 128]
[90 70 94]
[115  94 115]
[135 119 143]
[122 103 122]
[124 109 128]
[ 97  80 107]
[135 137 149]
[127 107 125]
[116 101 121]
[169 172 171]
[ 86  73 103]
[ 95  72 101]
[ 97  81 115]
[112  93 115]
[110  97 124]
[125  99 124]
[82 57 84]
[113  94 121]
[151 114 131]
[129 117 132]
[ 95  90 116]
[ 89  76 105]
[80 66 97]
[109 102 128]
[87 67 93]
[157 128 131]
[123 104 127]
[ 99  90 116]
[103  88 113]
[116 113 139]
[70 58 93]
[61 56 90]
[122 108 133]
[118 105 129]
[120  96 117]
[ 94  71 100]
[138 120 138]
[133 118 132]
[157 135 143]
[ 90  89 114]
[101  99 115]
[95 73 99]
[74 64 96]
[149 140 156]
[106  82 104]
[151 154 153]
[90 65 93]
[61 59 92]
[ 97  83 115]
[148 124 133]
[111  87 111]
[133 119 133]
[125 102 124]
[129 117 129]
[147 131 144]
[ 89  74 106]
[86 68 99]
[ 93  73 107]
[109  87 116]
[138 113 124]
[100  75 107]
[86 68 95]
[100  79 107]
[124 106 126]
[127 111 132]
[117 109 135]
[78 66 99]
[155 154 161]
[130 110 131]
[119 100 125]
[109  80 108]
[106 103 136]
[129 109 137]
[135 114 133]
[122 109 129]
[111 101 130]
[151 135 141]
[119  97 119]
[102  90 116]
[111  87 111]
[110  87 110]
[127 126 142]
[117  92 115]
[118  95 121]
[136 117 137]
[148 133 144]
[102  81 110]
[116 105 122]
[108  95 122]
[ 94  76 102]
[130 108 130]
[137 116 134]
[ 94  76 101]
[154 130 142]
[ 98  88 115]
[132 105 126]
[ 88  72 100]
[ 79  80 108]
[110  98 125]
[130 103 130]
[ 80  70 100]
[134 123 139]
[173  79  78]
[ 82  79 111]
[139 121 143]
[103  92 122]
[ 92 100 120]
[105 102 124]
[102  81 101]
[ 99 102 126]
[ 92  77 105]
[100  88 112]
[ 99  93 125]
[122  68  92]
[122 123 142]
[116  95 120]
[118 101 127]
[78 72 96]
[117  84 111]
[63 62 93]
[65 60 91]
[ 99  91 121]
[131 121 142]
[92 65 97]
[117 109 131]
[80 64 95]
[128 107 129]
[132 125 147]
[133 112 133]
[ 94  79 108]
[101  95 122]
[107  79 107]
[ 96  81 106]
[115 103 125]
[120 116 131]
[139 153 165]
[ 95  75 101]
[105  89 118]
[128 113 136]
[134 110 134]
[63 52 82]
[110 115 134]
[ 83  76 105]
[ 88  80 112]
[114 107 126]
[101  66  94]
[112  96 120]
[ 99 107 125]
[114 104 128]
[128 109 133]
[ 94  91 115]
[ 96  86 113]
[112  94 118]
[117  98 121]
[ 86  70 101]
[108  99 123]
[118 110 134]
[119  95 120]
[76 55 83]
[141 104 123]
[95 63 89]
[133 138 147]
[116 110 124]
[123  91 119]
[109  95 122]
[112 101 125]
[ 99  94 122]
[ 93  87 114]
[100  89 115]
[67 53 81]
[ 91  73 101]
[167  92 105]
[113 124 143]
[61 55 86]
[113  99 120]
[ 75  75 109]
[120 101 124]
[102  82 111]
[116 100 120]
[109  96 122]
[130 125 141]
[76 71 99]
[114  99 122]
[ 89  73 101]
[ 92  88 115]
[162  78  90]
[ 95  73 102]
[130 106 125]
[ 79  73 106]
[60 60 89]
[80 45 76]
[112  93 116]
[67 52 82]
[ 94  97 115]
[143 121 139]
[116 114 132]
[109  88 115]
[116  56  78]
[127  96 115]
[119 108 132]
[ 93  78 110]
[78 62 92]
[ 90  71 100]
[134 130 146]
[75 61 92]
[101  87 111]
[101  83 114]
[119 106 130]
[106  94 120]
[115  96 122]
[120 133 145]
[109 100 124]
[ 90  73 101]
[151 148 156]
[113 117 136]
[89 64 97]
[ 80  72 100]
[129 115 138]
[120  91 117]
[ 90  77 106]
[ 94  74 104]
[86 69 99]
[169  73  88]
[108 103 128]
[134 117 133]
[100  68  95]
[96 74 99]
[120  92 114]
[102  79 108]
[ 98  85 113]
[ 92  87 112]
[126 112 132]
[127 111 133]
[75 63 92]
[ 79  73 104]
[ 92  68 101]
[74 69 99]
[165  83  95]
[136 140 148]
[ 94  89 114]
[103  88 104]
[102  95 122]
[111  99 124]
[131 114 134]
[100  89 117]
[138 118 139]
[ 86  83 104]
[113  90 117]
[93 68 98]
[114 104 132]
[ 97 101 121]
[102  90 118]
[122 123 145]
[108 100 125]
[77 62 87]
[114 114 134]
[100  85 111]
[ 98  94 116]
[106  93 120]
[117  87 109]
[82 66 96]
[105  96 120]
[59 60 89]
[122 111 131]
[ 96  79 108]
[ 78  71 101]
[112  90 113]
[86 67 99]
[88 66 95]
[107  91 115]
[ 92  71 102]
[145 156 162]
[77 56 89]
[100  76 102]
[90 80 98]
[123 106 131]
[121 110 131]
[ 85  81 103]
[ 93  90 115]
[ 99  93 116]
[76 60 91]
[131 116 132]
[108  86 113]
[ 93  82 105]
[ 89  81 111]
[101  76 107]
[106 111 134]
[112 100 127]
[ 93  92 120]
[100 100 125]
[118 102 121]
[ 94  77 104]
[69 49 78]
[88 63 92]
[ 96  82 110]
[124 104 133]
[124 103 122]
[118  89 116]
[123 106 129]
[ 82  76 103]
[108 107 132]
[ 84  75 105]
[ 92  87 111]
[65 50 73]
[108  91 120]
[80 59 93]
[ 94  86 112]
[ 76  72 103]
[ 95  84 110]
[77 61 93]
[ 96  79 108]
[122  88 111]
[100  95 119]
[72 62 90]
[126 117 137]
[149  75  97]
[84 69 99]
[ 84  84 112]
[105  84 112]
[135 113 133]
[103  82 111]
[69 56 87]
[122 108 132]
[103  81 107]
[ 93  82 106]
[80 62 90]
[109  91 115]
[114  88 116]
[63 53 81]
[103  95 120]
[109  86 112]
[74 67 95]
[107 106 129]
[ 98  73 102]
[ 91  73 104]
[120 113 132]
[110  99 123]
[110  81 105]
[103  81 106]
[108  93 117]
[69 57 85]
[ 96  81 110]
[96 68 97]
[108  86 111]
[108  88 115]
[78 57 89]
[58 48 78]
[ 98  79 107]
[ 90  81 109]
[117 103 121]
[110  87 112]
[74 69 99]
[ 91  80 106]
[100  89 118]
[85 71 99]
[79 71 98]
[93 71 99]
[135  86 108]
[113 101 125]
[106  88 110]
[ 97  88 115]
[113  85 110]
[132  95 117]
[144 137 148]
[110  95 122]
[118 108 132]
[103  89 114]
[74 56 85]
[ 94  74 103]
[62 55 84]
[ 92  88 114]
[104  85 113]
[87 61 92]
[ 94  78 107]
[ 87  77 102]
[86 65 93]
[ 92  94 120]
[ 87  84 113]
[ 93  84 111]
[109  89 114]
[ 84  84 109]
[68 59 88]
[136  86 106]
[131 115 131]
[75 57 88]
[108  98 121]
[113  88 115]
[95 69 96]
[124  91 113]
[81 53 84]
[67 51 84]
[102  81 108]
[78 68 97]
[ 94  80 111]
[112 103 130]
[74 70 98]
[115 104 127]
[108  85 111]
[118  95 119]
[108  85 110]
[105  82 112]
[85 64 92]
[ 97  76 101]
[123 107 135]
[103  82 112]
[73 60 88]
[111 109 125]
[118 105 122]
[ 83  92 118]
[64 59 81]
[ 93  88 114]
[ 92  73 104]
[ 90  79 104]
[ 92  73 103]
[101  82 102]
[172 179 175]
[127 112 134]
[ 95  84 109]
[113  91 116]
[103  84 111]
[ 99  79 105]
[125 117 135]
[112  91 116]
[106  92 117]
[79 57 91]
[119 112 126]
[100  93 115]
[ 75  82 108]
[103  86 111]
[94 67 91]
[74 62 95]
[118 102 122]
[79 57 88]
[81 59 86]
[ 91  78 106]
[ 96  78 108]
[115  80 105]
[119 100 123]
[68 52 80]
[64 57 88]
[126 100 124]
[68 52 85]
[ 82  72 100]
[ 94  96 118]
[90 57 89]
[132 121 139]
[87 62 92]
[119 101 123]
[ 80  75 100]
[ 94  75 101]
[131 117 139]
[116 103 122]
[95 72 99]
[131 130 146]
[79 57 87]
[129 139 150]
[116  98 123]
[ 86  74 103]
[104  87 111]
[66 60 89]
[124 100 125]
[148 116 139]
[131 112 134]
[106  84 112]
[78 60 90]
[112 102 123]
[171 192 184]
[65 48 80]
[98 71 98]
[109  83 113]
[110 108 130]
[110  85 110]
[ 90  76 102]
[116  93 118]
[110 105 127]
[ 89  80 104]
[ 95  83 111]
[86 58 85]
[101  89 110]
[130 112 133]
[123  95 115]
[109  88 113]
[78 59 87]
[123 105 126]
[102  87 114]
[100  84 112]
[164 122 135]
[ 93  71 101]
[109  87 109]
[153 150 159]
[59 69 99]
[ 75  72 100]
[89 57 83]
[102  95 120]
[96 72 98]
[107  79 106]
[144 127 140]
[ 90  75 107]
[107  92 119]
[111  84 115]
[ 86  74 100]
[99 69 98]
[ 93  75 106]
[165 161 157]
[113  97 122]
[95 69 97]
[ 88  77 102]
[145 132 148]
[141 146 151]
[118  94 120]
[140 113 132]
[112  85 111]
[ 95  88 112]
[136 115 131]
[ 97  71 101]
[ 91  80 105]
[ 99  75 103]
[75 52 81]
[58 37 61]
[138 132 147]
[91 69 97]
[120 103 122]
[105  86 113]
[74 66 96]
[77 70 95]
[103  91 114]
[ 91  76 107]
[76 66 92]
[102  84 111]
[103  84 108]
[85 64 93]
[114 102 124]
[77 60 88]
[144 131 148]
[61 54 84]
[ 95 109 127]
[104  77 104]
[109  96 122]
[111  92 115]
[76 57 89]
[ 95  72 102]
[74 57 88]
[88 68 98]
[ 93  78 105]
[130 127 136]
[129 116 133]
[128  93 120]
[122 100 122]
[175  94 105]
[73 62 93]
[ 89  69 100]
[86 60 89]
[113  83 109]
[127 125 140]
[103  83 109]
[91 70 97]
[101  80 107]
[109  85 113]
[106  85 113]
[110  81 108]
[116 108 128]
[83 58 85]
[ 93  81 109]
[ 87  78 105]
[125  95 117]
[88 66 98]
[ 97  84 112]
[100  92 119]
[79 62 93]
[ 93  82 110]
[130 102 124]
[125  92 118]
[124 105 127]
[106  82 110]
[81 57 83]
[104  86 114]
[101  89 111]
[114  83 109]
[95 64 94]
[119 117 134]
[111  83 111]
[ 97  73 100]
[121 110 128]
[129 107 126]
[76 71 97]
[83 74 98]
[103  76 102]
[43 43 71]
[119 110 133]
[ 96  70 101]
[122 122 142]
[151 123 144]
[88 61 89]
[116  88 111]
[67 54 88]
[147 137 150]
[145 123 142]
[159 146 154]
[105  89 115]
[68 49 80]
[122 109 128]
[177 195 188]
[114  84 110]
[80 54 83]
[132 111 133]
[74 48 80]
[103  93 116]
[112  91 120]
[ 89  74 105]
[91 69 98]
[139 111 133]
[101  88 112]
[70 52 83]
[ 95  89 113]
[113  92 118]
[122  97 119]
[139 126 142]
[82 61 92]
[85 65 95]
[ 80  80 105]
[106  85 111]
[ 87  70 100]
[107  95 120]
[92 61 92]
[84 67 97]
[154 148 162]
[85 66 96]
[153 122 141]
[145 112 127]
[171 175 170]
[85 64 93]
[119 102 126]
[ 97  81 105]
[90 67 94]
[ 97  76 104]
[66 48 78]
[74 57 86]
[142 128 141]
[ 97  70 100]
[82 61 90]
[82 55 84]
[ 96  84 112]
[71 61 88]
[77 49 80]
[126 108 130]
[116 101 124]
[147 102 123]
[96 67 96]
[114  89 112]
[ 99  85 111]
[ 84  72 101]
[157 149 155]
[109  87 115]
[126 111 129]
[ 90  86 114]
[83 59 87]
[139 113 130]
[79 71 98]
[81 67 93]
[ 89  79 102]
[121  98 121]
[110  91 116]
[ 92  73 100]
[130 111 129]
[166 178 175]
[72 52 84]
[62 58 87]
[76 58 88]
[107  76 102]
[104  77 103]
[94 63 88]
[65 49 79]
[118  81 109]
[ 97  77 105]
[120 103 125]
[130 111 127]
[57 45 73]
[ 98  78 103]
[151 148 157]
[80 56 88]
[ 86  72 100]
[123 116 134]
[146 117 136]
[95 70 98]
[105  82 107]
[82 62 93]
[104  86 110]
[129 103 123]
[123 101 127]
[79 69 97]
[92 63 92]
[ 98  81 107]
[86 63 92]
[80 61 90]
[119 120 135]
[132 111 131]
[114 106 129]
[79 59 89]
[122 119 134]
[124  82 111]
[84 63 92]
[141 119 135]
[114  99 120]
[ 93  71 100]
[105  84 110]
[112  85 112]
[141 126 136]
[121  93 118]
[ 97  69 100]
[108  84 108]
[94 67 96]
[114  92 117]
[ 92  82 111]
[130 109 129]
[137 119 137]
[106  85 107]
[ 99  83 107]
[130 114 128]
[112 108 126]
[104  87 111]
[114  83 105]
[90 67 93]
[93 71 95]
[81 61 86]
[109  79 106]
[ 90  73 101]
[ 97  74 103]
[66 59 89]
[106  78 108]
[ 91  72 102]
[92 69 97]
[114  78 103]
[91 67 95]
[170 131 140]
[151 115 134]
[86 73 97]
[90 69 96]
[ 99  76 108]
[90 67 97]
[67 54 84]
[ 94  78 103]
[111  96 118]
[88 59 86]
[133 108 128]
[ 94  74 102]
[84 63 93]
[103  81 102]
[119 108 131]
[113  79 104]
[61 42 72]
[112  80 103]
[85 64 95]
[ 91  73 100]
[144 102 122]
[109  87 117]
[140 118 134]
[103  70  98]
[121 109 127]
[134 102 128]
